Hbv_Gaulfoss_grid_grid_General/hbv_landscape.txt
ncols         1195
nrows         1550
xllcorner     -75000
yllcorner     6.45e+06
cellsize      1000
NODATA_value  -9999
[rows 0 to 32 of 36, columns 608 to 683 of 1195]
1.0000 43 1191749 1000000.0000 340.0000 1.6285 0.0000 0 81.6984 2 16.6731 0 1.0000 0 1.0000 44 1191750 1000000.0000 60.0000 0.0000 0.0000 0 70.1493 2 29.8507 0 1.0000 0 1.0000 45 1191751 1000000.0000 137.0000 0.0000 0.0000 0 78.9474 2 21.0526 0 1.0000 0 1.0000 46 1191752 1000000.0000 330.0000 0.0000 0.0000 0 83.3333 2 16.6667 0 1.0000 0 1.0000 47 1191753 1000000.0000 400.0000 0.0000 0.0000 0 83.3333 2 16.6667 0 1.0000 0 1.0000 48 1191754 1000000.0000 440.0000 0.7149
0.0000 0.0000 0 80.2800 1 19.7200 0 1.0000 0 1.0000 129 1196530 1000000.0000 242.0000 0.0000 0.0000 0 82.3009 2 17.6991 0 1.0000 0 1.0000 130 1196531 1000000.0000 100.0000 0.0000 0.0000 2 64.5161 0 35.4839 0 1.0000 0 1.0000 131 1196532 1000000.0000 160.0000 0.0000 0.0000 0 66.1017 2 33.8983 0 1.0000 0 1.0000 132 1196533 1000000.0000 260.0000 0.0000 0.0000 0 82.3009 2 17.6991 0 1.0000 0 1.0000 133 1196534 1000000.0000 350.0000 0.0000 0.0000 0 81.8182 2 18.1818
31.3225 0 1.0000 0 1.0000 214 1198932 1000000.0000 500.0000 0.0000 0.0000 0 71.0059 1 28.9941 0 1.0000 0 1.0000 215 1198933 1000000.0000 590.0000 0.0000 0.0000 1 79.4212 2 20.5788 0 1.0000 0 1.0000 216 1198934 1000000.0000 650.0000 0.0000 0.0000 1 74.1100 2 25.8900 0 1.0000 0 1.0000 217 1198935 1000000.0000 620.0000 0.0000 0.0000 1 75.4601 2 24.5399 0 1.0000 0 1.0000 218 1198936 1000000.0000 590.0000 0.0000 0.0000 1 71.6814 2 28.3186 0 1.0000 0 1.0000 219
299 1201327 1000000.0000 580.0000 0.0000 0.0000 1 63.8126 0 36.1874 0 1.0000 0 1.0000 300 1201328 1000000.0000 680.0000 0.0000 0.0000 1 78.0672 2 21.9328 0 1.0000 0 1.0000 301 1201329 1000000.0000 580.0000 0.0000 0.0000 1 76.7611 2 23.2389 0 1.0000 0 1.0000 302 1201330 1000000.0000 565.0000 0.0000 0.0000 1 80.0374 2 19.9626 0 1.0000 0 1.0000 303 1201331 1000000.0000 580.0000 11.6172 0.0000 1 67.2607 2 21.1221 0 1.0000 0 1.0000 304 1201332 1000000.0000 590.0000 0.0000 0.0000
0.0000 0 57.7049 1 42.2951 0 1.0000 0 1.0000 385 1203703 1000000.0000 640.0000 0.0000 0.0000 0 82.9060 2 17.0940 0 1.0000 0 1.0000 386 1203704 1000000.0000 580.0000 0.0000 0.0000 0 82.7586 2 17.2414 0 1.0000 0 1.0000 387 1203705 1000000.0000 660.0000 3.0651 0.0000 0 78.9840 2 17.9509 0 1.0000 0 1.0000 388 1203706 1000000.0000 680.0000 0.0000 0.0000 0 77.2727 2 22.7273 0 1.0000 0 1.0000 389 1203707 1000000.0000 556.0000 0.0000 0.0000 0 74.2574 1 25.7426 0
0 1.0000 0 1.0000 470 1204925 1000000.0000 453.0000 0.0000 0.0000 1 54.4761 0 45.5239 0 1.0000 0 1.0000 471 1204926 1000000.0000 460.0000 0.0000 0.0000 0 70.4470 1 29.5530 0 1.0000 0 1.0000 472 1204927 1000000.0000 511.0000 0.0000 0.0000 0 71.1340 1 28.8660 0 1.0000 0 1.0000 473 1204928 1000000.0000 540.0000 0.0000 0.0000 0 81.8182 2 18.1818 0 1.0000 0 1.0000 474 1204929 1000000.0000 660.0000 0.0000 0.0000 0 51.5654 1 48.4346 0 1.0000 0 1.0000 475 1204930
1206142 1000000.0000 872.0000 8.5333 0.0000 2 85.3333 1 6.1333 0 1.0000 0 1.0000 556 1206143 1000000.0000 860.0000 37.0656 0.0000 2 61.7761 1 1.1583 0 1.0000 0 1.0000 557 1206144 1000000.0000 887.0000 0.0000 0.0000 2 100.0000 1 0.0000 0 1.0000 0 1.0000 558 1207268 1000000.0000 1200.0000 0.0000 0.0000 2 97.5610 1 2.4390 0 1.0000 0 1.0000 559 1207269 1000000.0000 1093.0000 0.0000 0.0000 2 82.4742 1 17.5258 0 1.0000 0 1.0000 560 1207271 1000000.0000 1040.0000 0.0000 0.0000 2
1 72.3661 2 27.6339 0 1.0000 0 1.0000 641 1208474 1000000.0000 540.0000 0.0000 0.0000 0 56.7870 1 43.2130 0 1.0000 0 1.0000 642 1208475 1000000.0000 380.0000 0.0000 0.0000 0 75.6098 2 24.3902 0 1.0000 0 1.0000 643 1208476 1000000.0000 310.0000 0.0000 0.0000 2 90.9091 0 9.0909 0 1.0000 0 1.0000 644 1208477 1000000.0000 455.0000 0.0000 0.0000 0 68.7500 2 31.2500 0 1.0000 0 1.0000 645 1208478 1000000.0000 560.0000 0.0000 0.0000 0 67.2727 1 32.7273 0 1.0000
1.0000 0 1.0000 726 1209677 1000000.0000 520.0000 0.0000 0.0000 0 82.1429 2 17.8571 0 1.0000 0 1.0000 727 1209678 1000000.0000 400.0000 0.0000 0.0000 0 79.1667 2 20.8333 0 1.0000 0 1.0000 728 1209679 1000000.0000 600.0000 0.0000 0.0000 0 80.9524 2 19.0476 0 1.0000 0 1.0000 729 1209680 1000000.0000 692.0000 0.0000 0.0000 0 79.3814 2 20.6186 0 1.0000 0 1.0000 730 1209681 1000000.0000 728.0000 0.0000 0.0000 0 78.2609 2 21.7391 0 1.0000 0 1.0000 731 1209682 1000000.0000
1000000.0000 540.0000 0.0000 0.0000 0 76.1347 1 23.8653 0 1.0000 0 1.0000 812 1210880 1000000.0000 420.0000 0.0000 0.0000 0 78.9474 2 21.0526 0 1.0000 0 1.0000 813 1210881 1000000.0000 520.0000 0.0000 0.0000 0 80.7692 2 19.2308 0 1.0000 0 1.0000 814 1210882 1000000.0000 660.0000 0.0000 0.0000 0 80.5825 2 19.4175 0 1.0000 0 1.0000 815 1210883 1000000.0000 650.0000 0.7925 0.0000 0 81.8027 2 17.4048 0 1.0000 0 1.0000 816 1210884 1000000.0000 580.0000 6.9527 0.0000 1 48.1601
66.6723 1 30.8484 0 1.0000 0 1.0000 897 1212080 1000000.0000 660.0000 0.0000 0.0000 0 77.0156 1 22.9844 0 1.0000 0 1.0000 898 1212081 1000000.0000 628.0000 0.0000 0.0000 0 82.1429 2 17.8571 0 1.0000 0 1.0000 899 1212082 1000000.0000 540.0000 0.0000 0.0000 0 83.3333 2 16.6667 0 1.0000 0 1.0000 900 1212083 1000000.0000 472.0000 0.0000 0.0000 0 83.3333 2 16.6667 0 1.0000 0 1.0000 901 1212084 1000000.0000 200.0000 0.0000 0.0000 0 71.8310 2 28.1690 0 1.0000 0
0 1.0000 982 1213281 1000000.0000 370.0000 0.0000 0.0000 0 82.1429 2 17.8571 0 1.0000 0 1.0000 983 1213282 1000000.0000 420.0000 0.0000 0.0000 0 80.7692 2 19.2308 0 1.0000 0 1.0000 984 1213283 1000000.0000 580.0000 0.0000 0.0000 0 81.6514 2 18.3486 0 1.0000 0 1.0000 985 1213284 1000000.0000 596.0000 0.0000 0.0000 1 54.9296 0 45.0704 0 1.0000 0 1.0000 986 1213285 1000000.0000 640.0000 0.0000 0.0000 0 55.2518 1 44.7482 0 1.0000 0 1.0000 987 1213286 1000000.0000 555.0000
600.0000 0.0000 0.0000 0 79.9014 1 20.0986 0 1.0000 0 1.0000 1068 1214483 1000000.0000 617.0000 0.0000 0.0000 0 55.9767 1 44.0233 0 1.0000 0 1.0000 1069 1214484 1000000.0000 620.0000 0.0000 0.0000 1 60.0832 0 39.9168 0 1.0000 0 1.0000 1070 1214485 1000000.0000 650.0000 0.0000 0.0000 1 75.9036 2 24.0964 0 1.0000 0 1.0000 1071 1214486 1000000.0000 690.0000 0.0000 0.0000 0 56.5056 1 43.4944 0 1.0000 0 1.0000 1072 1214487 1000000.0000 633.0000 20.0119 0.0000 0 50.0414 1
2 17.3913 0 1.0000 0 1.0000 1153 1215684 1000000.0000 780.0000 0.0000 0.0000 0 60.0000 2 40.0000 0 1.0000 0 1.0000 1154 1215685 1000000.0000 800.0000 0.0000 0.0000 2 65.8436 1 34.1564 0 1.0000 0 1.0000 1155 1215686 1000000.0000 750.0000 0.0000 0.0000 2 59.3692 1 40.6308 0 1.0000 0 1.0000 1156 1215687 1000000.0000 627.0000 0.0000 0.0000 0 82.9876 1 17.0124 0 1.0000 0 1.0000 1157 1215688 1000000.0000 570.0000 0.0000 0.0000 0 83.0508 2 16.9492 0 1.0000 0 1.0000
1.0000 1238 1216884 1000000.0000 580.0000 0.0000 0.0000 0 83.0508 2 16.9492 0 1.0000 0 1.0000 1239 1216885 1000000.0000 560.0000 0.0000 0.0000 0 83.3333 2 16.6667 0 1.0000 0 1.0000 1240 1216886 1000000.0000 720.0000 0.0000 0.0000 0 54.5455 2 45.4545 0 1.0000 0 1.0000 1241 1216887 1000000.0000 576.0000 0.0000 0.0000 0 73.6842 2 26.3158 0 1.0000 0 1.0000 1242 1216888 1000000.0000 420.0000 0.0000 0.0000 0 83.0508 2 16.9492 0 1.0000 0 1.0000 1243 1216889 1000000.0000 430.0000 0.0000
0.0000 0.0000 0 83.0508 2 16.9492 0 1.0000 0 1.0000 1324 1218088 1000000.0000 610.0000 0.0000 0.0000 0 77.1574 1 22.8426 0 1.0000 0 1.0000 1325 1218089 1000000.0000 680.0000 0.0000 0.0000 1 68.2540 2 31.7460 0 1.0000 0 1.0000 1326 1218090 1000000.0000 736.0000 0.0000 0.0000 2 71.9101 1 28.0899 0 1.0000 0 1.0000 1327 1218091 1000000.0000 830.0000 0.0000 0.0000 2 65.1731 1 34.8269 0 1.0000 0 1.0000 1328 1218092 1000000.0000 905.0000 0.0000 0.0000 2 75.1174 1 24.8826
0.9288 0 1.0000 0 1.0000 1409 1219289 1000000.0000 847.0000 0.0000 0.0000 2 97.8593 1 2.1407 0 1.0000 0 1.0000 1410 1219290 1000000.0000 820.0000 26.1818 0.0000 2 58.1818 1 15.6364 0 1.0000 0 1.0000 1411 1219291 1000000.0000 890.0000 8.7671 0.0000 2 87.6712 1 3.5616 0 1.0000 0 1.0000 1412 1219292 1000000.0000 893.0000 12.1519 0.0000 2 81.0127 1 6.8354 0 1.0000 0 1.0000 1413 1219293 1000000.0000 942.0000 0.0000 0.0000 2 100.0000 1 0.0000 0 1.0000 0 1.0000 1414
1494 1220486 1000000.0000 883.0000 0.0000 0.0000 2 88.3978 1 11.6022 0 1.0000 0 1.0000 1495 1220487 1000000.0000 926.0000 0.0000 0.0000 2 97.5610 1 2.4390 0 1.0000 0 1.0000 1496 1220488 1000000.0000 923.0000 0.0000 0.0000 2 95.2381 1 4.7619 0 1.0000 0 1.0000 1497 1220489 1000000.0000 920.0000 16.6667 0.0000 2 83.3333 1 0.0000 0 1.0000 0 1.0000 1498 1220490 1000000.0000 840.0000 60.7843 0.0000 2 39.2157 1 0.0000 0 1.0000 0 1.0000 1499 1220491 1000000.0000 930.0000 0.0000 0.0000
0.0000 2 87.1935 1 12.8065 0 1.0000 0 1.0000 1580 1221684 1000000.0000 880.0000 0.0000 0.0000 2 95.5224 1 4.4776 0 1.0000 0 1.0000 1581 1221685 1000000.0000 860.0000 50.7361 0.0000 2 36.2401 1 13.0238 0 1.0000 0 1.0000 1582 1221686 1000000.0000 860.0000 5.5172 0.0000 2 55.1724 1 39.3103 0 1.0000 0 1.0000 1583 1221687 1000000.0000 960.0000 0.0000 0.0000 2 92.2190 1 7.7810 0 1.0000 0 1.0000 1584 1221688 1000000.0000 953.0000 0.0000 0.0000 2 94.3953 1 5.6047 0
0 1.0000 0 1.0000 1665 1222885 1000000.0000 1108.0000 0.0000 0.0000 2 100.0000 1 0.0000 0 1.0000 0 1.0000 1666 1222886 1000000.0000 1180.0000 0.0000 0.0000 2 100.0000 1 0.0000 0 1.0000 0 1.0000 1667 1222887 1000000.0000 1220.0000 0.0000 0.0000 2 100.0000 1 0.0000 0 1.0000 0 1.0000 1668 1222888 1000000.0000 1200.0000 0.0000 0.0000 2 100.0000 1 0.0000 0 1.0000 0 1.0000 1669 1224009 1000000.0000 642.0000 0.0000 0.0000 1 73.6322 0 26.3678 0 1.0000 0 1.0000 1670 1224010
1225205 1000000.0000 655.0000 0.0000 0.0000 0 53.6489 1 46.3511 0 1.0000 0 1.0000 1751 1225206 1000000.0000 660.0000 0.0000 0.0000 0 83.3333 2 16.6667 0 1.0000 0 1.0000 1752 1225207 1000000.0000 700.0000 0.9335 0.0000 1 50.7554 0 48.3111 0 1.0000 0 1.0000 1753 1225208 1000000.0000 746.0000 0.0000 0.0000 0 78.2349 1 21.7651 0 1.0000 0 1.0000 1754 1225209 1000000.0000 680.0000 0.0000 0.0000 0 79.1209 1 20.8791 0 1.0000 0 1.0000 1755 1225210 1000000.0000 680.0000 0.0000 0.0000 1
1 57.5221 0 42.4779 0 1.0000 0 1.0000 1836 1226406 1000000.0000 733.0000 0.0000 0.0000 0 53.6834 1 46.3166 0 1.0000 0 1.0000 1837 1226407 1000000.0000 640.0000 0.0000 0.0000 0 56.7164 1 43.2836 0 1.0000 0 1.0000 1838 1226408 1000000.0000 680.0000 0.0000 0.0000 0 65.8509 1 34.1491 0 1.0000 0 1.0000 1839 1226409 1000000.0000 800.0000 0.0000 0.0000 0 73.6842 2 26.3158 0 1.0000 0 1.0000 1840 1226410 1000000.0000 790.0000 0.0000 0.0000 2 68.9655 0 31.0345 0 1.0000
1.0000 0 1.0000 1921 1227606 1000000.0000 720.0000 0.0000 0.0000 0 64.9123 2 35.0877 0 1.0000 0 1.0000 1922 1227607 1000000.0000 648.0000 0.0000 0.0000 0 78.7234 2 21.2766 0 1.0000 0 1.0000 1923 1227608 1000000.0000 667.0000 0.0000 0.0000 0 71.7757 1 28.2243 0 1.0000 0 1.0000 1924 1227609 1000000.0000 680.0000 0.0000 0.0000 0 78.3964 1 21.6036 0 1.0000 0 1.0000 1925 1227610 1000000.0000 690.0000 0.0000 0.0000 0 79.5580 1 20.4420 0 1.0000 0 1.0000 1926 1227611 1000000.0000
1000000.0000 770.0000 0.0000 0.0000 0 76.4636 1 23.5364 0 1.0000 0 1.0000 2007 1228807 1000000.0000 660.0000 0.0000 0.0000 0 77.7778 2 22.2222 0 1.0000 0 1.0000 2008 1228808 1000000.0000 640.0000 0.0000 0.0000 0 72.5664 1 27.4336 0 1.0000 0 1.0000 2009 1228809 1000000.0000 700.0000 0.0000 0.0000 0 60.7705 1 39.2295 0 1.0000 0 1.0000 2010 1228810 1000000.0000 650.0000 0.0000 0.0000 0 82.9060 2 17.0940 0 1.0000 0 1.0000 2011 1228811 1000000.0000 600.0000 0.0000 0.0000 0 80.3158
83.3333 2 16.6667 0 1.0000 0 1.0000 2092 1230008 1000000.0000 744.0000 0.0000 0.0000 0 81.4815 2 18.5185 0 1.0000 0 1.0000 2093 1230009 1000000.0000 850.0000 0.0000 0.0000 0 73.6842 2 26.3158 0 1.0000 0 1.0000 2094 1230010 1000000.0000 940.0000 0.0000 0.0000 2 76.5550 1 23.4450 0 1.0000 0 1.0000 2095 1230011 1000000.0000 990.0000 0.0000 0.0000 2 68.6695 1 31.3305 0 1.0000 0 1.0000 2096 1230012 1000000.0000 1058.0000 8.9385 0.0000 2 59.5903 1 31.4711 0 1.0000 0
0 1.0000 2177 1231208 1000000.0000 1066.0000 0.0000 0.0000 2 95.5224 1 4.4776 0 1.0000 0 1.0000 2178 1231209 1000000.0000 930.0000 0.0000 0.0000 1 55.6172 2 44.3828 0 1.0000 0 1.0000 2179 1231210 1000000.0000 960.0000 5.7451 0.0000 2 57.4506 1 36.8043 0 1.0000 0 1.0000 2180 1231211 1000000.0000 960.0000 0.0000 0.0000 2 79.2079 1 20.7921 0 1.0000 0 1.0000 2181 1231212 1000000.0000 850.0000 0.0000 0.0000 0 51.2195 2 48.7805 0 1.0000 0 1.0000 2182 1231213 1000000.0000 800.0000
845.0000 0.0000 0.0000 0 64.9123 2 35.0877 0 1.0000 0 1.0000 2263 1232409 1000000.0000 860.0000 0.0000 0.0000 2 64.2570 1 35.7430 0 1.0000 0 1.0000 2264 1232410 1000000.0000 890.0000 0.0000 0.0000 2 50.6329 1 49.3671 0 1.0000 0 1.0000 2265 1232411 1000000.0000 840.0000 0.0000 0.0000 1 71.4795 2 28.5205 0 1.0000 0 1.0000 2266 1232412 1000000.0000 920.0000 0.0000 0.0000 2 83.3333 0 16.6667 0 1.0000 0 1.0000 2267 1232413 1000000.0000 1080.0000 0.0000 0.0000 2 62.7451 1
1 37.3777 0 1.0000 0 1.0000 2348 1233611 1000000.0000 960.0000 0.0000 0.0000 2 80.2005 1 19.7995 0 1.0000 0 1.0000 2349 1233612 1000000.0000 840.0000 0.0000 0.0000 2 57.6577 1 42.3423 0 1.0000 0 1.0000 2350 1233613 1000000.0000 870.0000 0.0000 0.0000 2 53.7815 1 46.2185 0 1.0000 0 1.0000 2351 1233614 1000000.0000 873.0000 7.6647 0.0000 2 47.1249 1 45.2104 0 1.0000 0 1.0000 2352 1233615 1000000.0000 880.0000 18.5185 0.0000 2 44.0440 0 37.4374 0 1.0000 0 1.0000
1.0000 2433 1234813 1000000.0000 805.0000 0.0000 0.0000 0 59.7250 1 40.2750 0 1.0000 0 1.0000 2434 1234814 1000000.0000 680.0000 0.0000 0.0000 0 71.7172 1 28.2828 0 1.0000 0 1.0000 2435 1234815 1000000.0000 680.0000 0.0000 0.0000 0 74.0260 2 25.9740 0 1.0000 0 1.0000 2436 1234816 1000000.0000 820.0000 0.0000 0.0000 2 71.1111 1 28.8889 0 1.0000 0 1.0000 2437 1234817 1000000.0000 910.0000 0.0000 0.0000 2 82.9016 1 17.0984 0 1.0000 0 1.0000 2438 1234818 1000000.0000 940.0000 0.0000
0.0000 0.0000 2 81.0127 1 18.9873 0 1.0000 0 1.0000 2519 1236016 1000000.0000 790.0000 0.0000 0.0000 0 54.5455 2 45.4545 0 1.0000 0 1.0000 2520 1236017 1000000.0000 710.0000 0.0000 0.0000 0 79.2627 1 20.7373 0 1.0000 0 1.0000 2521 1236018 1000000.0000 613.0000 0.0000 0.0000 0 78.0220 2 21.9780 0 1.0000 0 1.0000 2522 1236019 1000000.0000 725.0000 0.0000 0.0000 0 70.1493 2 29.8507 0 1.0000 0 1.0000 2523 1236020 1000000.0000 780.0000 0.0000 0.0000 2 60.7211 1 39.2789
23.6277 0 1.0000 0 1.0000 2604 1237217 1000000.0000 796.0000 0.0000 0.0000 2 65.8436 1 34.1564 0 1.0000 0 1.0000 2605 1237218 1000000.0000 700.0000 0.0000 0.0000 0 76.7442 2 23.2558 0 1.0000 0 1.0000 2606 1237219 1000000.0000 800.0000 0.0000 0.0000 0 55.5556 2 44.4444 0 1.0000 0 1.0000 2607 1237220 1000000.0000 910.0000 0.0000 0.0000 2 100.0000 1 0.0000 0 1.0000 0 1.0000 2608 1237225 1000000.0000 1120.0000 0.0000 0.0000 2 98.4615 1 1.5385 0 1.0000 0 1.0000 2609
2689 1239549 1000000.0000 1080.0000 4.2216 0.0000 1 53.5620 2 42.2164 0 1.0000 0 1.0000 2690 1239550 1000000.0000 1200.0000 0.0000 0.0000 2 64.7773 1 35.2227 0 1.0000 0 1.0000 2691 1239551 1000000.0000 1167.0000 0.0000 0.0000 2 94.9555 1 5.0445 0 1.0000 0 1.0000 2692 1239552 1000000.0000 1080.0000 0.0000 0.0000 2 87.6712 1 12.3288 0 1.0000 0 1.0000 2693 1239553 1000000.0000 1000.0000 0.0000 0.0000 2 71.1111 1 28.8889 0 1.0000 0 1.0000 2694 1239554 1000000.0000 938.0000 0.0000 0.0000
0.0000 2 90.9091 1 0.0000 0 1.0000 0 1.0000 2775 1240769 1000000.0000 1130.0000 0.0000 0.0000 2 93.5673 1 6.4327 0 1.0000 0 1.0000 2776 1240770 1000000.0000 1060.0000 0.0000 0.0000 2 80.2005 1 19.7995 0 1.0000 0 1.0000 2777 1240771 1000000.0000 1000.0000 0.0000 0.0000 2 89.8876 1 10.1124 0 1.0000 0 1.0000 2778 1240772 1000000.0000 980.0000 0.0000 0.0000 2 70.4846 1 29.5154 0 1.0000 0 1.0000 2779 1240773 1000000.0000 940.0000 3.6824 0.0000 1 59.4937 2 36.8239 0
