Hbv_Gaulfoss_grid_grid_General/hbv_landscape.txt
ncols         1195
nrows         1550
xllcorner     -75000
yllcorner     6.45e+06
cellsize      1000
NODATA_value  -9999
[rows 0 to 32 of 36, columns 456 to 531 of 1195]
1190558 1000000.0000 500.0000 3.7401 0.0000 0 69.0813 1 27.1786 0 1.0000 0 1.0000 33 1190559 1000000.0000 430.0000 0.0000 0.0000 0 61.4141 1 38.5859 0 1.0000 0 1.0000 34 1190560 1000000.0000 460.0000 0.0000 0.0000 1 76.3314 2 23.6686 0 1.0000 0 1.0000 35 1190561 1000000.0000 440.0000 0.0000 0.0000 1 77.2080 2 22.7920 0 1.0000 0 1.0000 36 1190562 1000000.0000 504.0000 0.0000 0.0000 1 75.4035 2 24.5965 0 1.0000 0 1.0000 37 1190580 1000000.0000 580.0000 9.9844 0.0000 2
2 58.7156 1 41.2844 0 1.0000 0 1.0000 118 1195355 1000000.0000 820.0000 0.0000 0.0000 2 100.0000 1 0.0000 0 1.0000 0 1.0000 119 1195361 1000000.0000 700.0000 0.0000 0.0000 2 75.2941 1 24.7059 0 1.0000 0 1.0000 120 1195362 1000000.0000 600.0000 13.3891 0.0000 2 44.6304 1 41.9805 0 1.0000 0 1.0000 121 1195363 1000000.0000 537.0000 62.3507 0.0000 2 20.1131 1 17.5361 0 1.0000 0 1.0000 122 1195364 1000000.0000 560.0000 21.1673 0.0000 1 46.8600 2 31.9727 0 1.0000
1.0000 0 1.0000 203 1198921 1000000.0000 300.0000 0.0000 0.0000 0 83.1933 2 16.8067 0 1.0000 0 1.0000 204 1198922 1000000.0000 276.0000 0.0000 0.0000 0 81.4815 2 18.5185 0 1.0000 0 1.0000 205 1198923 1000000.0000 113.0000 0.0000 0.0000 0 70.1493 2 29.8507 0 1.0000 0 1.0000 206 1198924 1000000.0000 210.0000 0.0000 0.0000 0 79.7980 2 20.2020 0 1.0000 0 1.0000 207 1198925 1000000.0000 340.0000 0.0000 0.0000 0 81.8182 2 18.1818 0 1.0000 0 1.0000 208 1198926 1000000.0000
1000000.0000 420.0000 0.0000 0.0000 0 83.3333 2 16.6667 0 1.0000 0 1.0000 289 1201317 1000000.0000 440.0000 0.0000 0.0000 0 83.3333 2 16.6667 0 1.0000 0 1.0000 290 1201318 1000000.0000 415.0000 0.0000 0.0000 0 81.6514 2 18.3486 0 1.0000 0 1.0000 291 1201319 1000000.0000 340.0000 0.0000 0.0000 0 79.5918 2 20.4082 0 1.0000 0 1.0000 292 1201320 1000000.0000 297.0000 0.0000 0.0000 0 78.7234 2 21.2766 0 1.0000 0 1.0000 293 1201321 1000000.0000 420.0000 5.4159 0.0000 0 77.6941
87.1935 1 12.8065 0 1.0000 0 1.0000 374 1203692 1000000.0000 720.0000 0.0000 0.0000 0 54.5455 2 45.4545 0 1.0000 0 1.0000 375 1203693 1000000.0000 600.0000 0.0000 0.0000 0 69.9507 1 30.0493 0 1.0000 0 1.0000 376 1203694 1000000.0000 567.0000 0.0000 0.0000 0 79.6558 1 20.3442 0 1.0000 0 1.0000 377 1203695 1000000.0000 460.0000 0.0000 0.0000 0 83.0508 2 16.9492 0 1.0000 0 1.0000 378 1203696 1000000.0000 400.0000 0.0000 0.0000 0 72.6027 2 27.3973 0 1.0000 0
0 1.0000 459 1204914 1000000.0000 490.0000 0.0000 0.0000 0 64.1555 1 35.8445 0 1.0000 0 1.0000 460 1204915 1000000.0000 466.0000 0.0000 0.0000 1 59.3507 0 40.6493 0 1.0000 0 1.0000 461 1204916 1000000.0000 427.0000 0.0000 0.0000 0 67.7357 1 32.2643 0 1.0000 0 1.0000 462 1204917 1000000.0000 460.0000 0.0000 0.0000 0 67.8481 1 32.1519 0 1.0000 0 1.0000 463 1204918 1000000.0000 509.0000 2.8657 0.0000 0 52.3203 1 44.8141 0 1.0000 0 1.0000 464 1204919 1000000.0000 550.0000
630.0000 0.0000 0.0000 1 71.9052 2 28.0948 0 1.0000 0 1.0000 545 1206132 1000000.0000 582.0000 0.0000 0.0000 1 63.5862 0 36.4138 0 1.0000 0 1.0000 546 1206133 1000000.0000 680.0000 0.0000 0.0000 0 63.3557 1 36.6443 0 1.0000 0 1.0000 547 1206134 1000000.0000 720.0000 41.4169 0.0000 1 29.8307 2 28.7524 0 1.0000 0 1.0000 548 1206135 1000000.0000 760.0000 32.6115 0.0000 2 40.7643 1 26.6242 0 1.0000 0 1.0000 549 1206136 1000000.0000 815.0000 3.8369 0.0000 2 76.7386 1
1 9.0909 0 1.0000 0 1.0000 630 1208463 1000000.0000 1078.0000 0.0000 0.0000 2 88.8889 1 11.1111 0 1.0000 0 1.0000 631 1208464 1000000.0000 1040.0000 0.0000 0.0000 2 100.0000 1 0.0000 0 1.0000 0 1.0000 632 1208465 1000000.0000 940.0000 0.0000 0.0000 2 100.0000 1 0.0000 0 1.0000 0 1.0000 633 1208466 1000000.0000 840.0000 0.0000 0.0000 2 100.0000 1 0.0000 0 1.0000 0 1.0000 634 1208467 1000000.0000 720.0000 23.6162 0.0000 2 59.0406 1 17.3432 0 1.0000 0 1.0000
1.0000 715 1209666 1000000.0000 586.0000 0.0000 0.0000 0 72.8580 1 27.1420 0 1.0000 0 1.0000 716 1209667 1000000.0000 560.0000 0.0000 0.0000 0 57.8811 1 42.1189 0 1.0000 0 1.0000 717 1209668 1000000.0000 507.0000 0.0000 0.0000 0 74.2268 1 25.7732 0 1.0000 0 1.0000 718 1209669 1000000.0000 470.0000 0.0000 0.0000 0 71.4286 2 28.5714 0 1.0000 0 1.0000 719 1209670 1000000.0000 340.0000 0.0000 0.0000 0 69.2308 2 30.7692 0 1.0000 0 1.0000 720 1209671 1000000.0000 260.0000 0.0000
0.0000 0.0000 0 66.1017 2 33.8983 0 1.0000 0 1.0000 801 1210869 1000000.0000 600.0000 0.0000 0.0000 0 79.3061 1 20.6939 0 1.0000 0 1.0000 802 1210870 1000000.0000 620.0000 0.0000 0.0000 1 63.9582 0 36.0418 0 1.0000 0 1.0000 803 1210871 1000000.0000 640.0000 0.0000 0.0000 0 67.5914 1 32.4086 0 1.0000 0 1.0000 804 1210872 1000000.0000 540.0000 0.0000 0.0000 0 81.4815 2 18.5185 0 1.0000 0 1.0000 805 1210873 1000000.0000 460.0000 0.0000 0.0000 0 81.4815 2 18.5185
21.2766 0 1.0000 0 1.0000 886 1212069 1000000.0000 460.0000 0.0000 0.0000 0 76.7442 2 23.2558 0 1.0000 0 1.0000 887 1212070 1000000.0000 570.0000 0.0000 0.0000 0 80.3313 1 19.6687 0 1.0000 0 1.0000 888 1212071 1000000.0000 640.0000 0.0000 0.0000 0 81.4735 1 18.5265 0 1.0000 0 1.0000 889 1212072 1000000.0000 620.0000 0.0000 0.0000 0 69.0722 1 30.9278 0 1.0000 0 1.0000 890 1212073 1000000.0000 550.0000 0.0000 0.0000 0 72.1154 1 27.8846 0 1.0000 0 1.0000 891
971 1213270 1000000.0000 520.0000 0.0000 0.0000 0 82.9060 2 17.0940 0 1.0000 0 1.0000 972 1213271 1000000.0000 640.0000 0.0000 0.0000 0 83.3333 2 16.6667 0 1.0000 0 1.0000 973 1213272 1000000.0000 664.0000 0.0000 0.0000 0 81.6514 2 18.3486 0 1.0000 0 1.0000 974 1213273 1000000.0000 647.0000 0.0000 0.0000 0 56.7455 1 43.2545 0 1.0000 0 1.0000 975 1213274 1000000.0000 748.0000 0.0000 0.0000 0 77.2727 2 22.7273 0 1.0000 0 1.0000 976 1213275 1000000.0000 700.0000 0.0000 0.0000
0.0000 1 50.6934 2 49.3066 0 1.0000 0 1.0000 1057 1214472 1000000.0000 620.0000 0.0000 0.0000 0 53.4483 1 46.5517 0 1.0000 0 1.0000 1058 1214473 1000000.0000 540.0000 0.0000 0.0000 0 81.9820 2 18.0180 0 1.0000 0 1.0000 1059 1214474 1000000.0000 480.0000 0.0000 0.0000 0 82.6087 2 17.3913 0 1.0000 0 1.0000 1060 1214475 1000000.0000 250.0000 0.0000 0.0000 0 82.9060 2 17.0940 0 1.0000 0 1.0000 1061 1214476 1000000.0000 500.0000 0.0000 0.0000 0 81.9820 2 18.0180 0
0 1.0000 0 1.0000 1142 1215673 1000000.0000 525.0000 0.0000 0.0000 0 82.6087 2 17.3913 0 1.0000 0 1.0000 1143 1215674 1000000.0000 580.0000 0.0000 0.0000 0 71.7172 1 28.2828 0 1.0000 0 1.0000 1144 1215675 1000000.0000 669.0000 0.0000 0.0000 0 71.9626 1 28.0374 0 1.0000 0 1.0000 1145 1215676 1000000.0000 664.0000 1.7429 0.0000 0 67.8000 1 30.4570 0 1.0000 0 1.0000 1146 1215677 1000000.0000 670.0000 0.0000 0.0000 0 81.6514 2 18.3486 0 1.0000 0 1.0000 1147 1215678
1216873 1000000.0000 780.0000 0.0000 0.0000 0 62.2642 2 37.7358 0 1.0000 0 1.0000 1228 1216874 1000000.0000 830.0000 0.0000 0.0000 2 63.1164 1 36.8836 0 1.0000 0 1.0000 1229 1216875 1000000.0000 800.0000 0.0000 0.0000 2 79.2079 1 20.7921 0 1.0000 0 1.0000 1230 1216876 1000000.0000 920.0000 0.0000 0.0000 2 76.9231 0 23.0769 0 1.0000 0 1.0000 1231 1216877 1000000.0000 860.0000 0.0000 0.0000 0 56.5217 2 43.4783 0 1.0000 0 1.0000 1232 1216878 1000000.0000 880.0000 0.0000 0.0000 0
2 68.0851 1 31.9149 0 1.0000 0 1.0000 1313 1218077 1000000.0000 760.0000 0.0000 0.0000 2 52.8926 1 47.1074 0 1.0000 0 1.0000 1314 1218078 1000000.0000 630.0000 0.0000 0.0000 0 74.0177 1 25.9823 0 1.0000 0 1.0000 1315 1218079 1000000.0000 540.0000 0.0000 0.0000 0 81.8182 2 18.1818 0 1.0000 0 1.0000 1316 1218080 1000000.0000 660.0000 0.0000 0.0000 0 65.5172 2 34.4828 0 1.0000 0 1.0000 1317 1218081 1000000.0000 800.0000 0.0000 0.0000 2 80.0000 0 20.0000 0 1.0000
1.0000 0 1.0000 1398 1219278 1000000.0000 580.0000 0.0000 0.0000 0 81.6514 2 18.3486 0 1.0000 0 1.0000 1399 1219279 1000000.0000 560.0000 0.0000 0.0000 0 83.1933 2 16.8067 0 1.0000 0 1.0000 1400 1219280 1000000.0000 440.0000 0.0000 0.0000 0 82.7586 2 17.2414 0 1.0000 0 1.0000 1401 1219281 1000000.0000 440.0000 0.0000 0.0000 0 81.6514 2 18.3486 0 1.0000 0 1.0000 1402 1219282 1000000.0000 460.0000 0.0000 0.0000 0 83.0508 2 16.9492 0 1.0000 0 1.0000 1403 1219283 1000000.0000
1000000.0000 360.0000 0.0000 0.0000 0 83.3333 2 16.6667 0 1.0000 0 1.0000 1484 1220476 1000000.0000 500.0000 0.0000 0.0000 0 83.3333 2 16.6667 0 1.0000 0 1.0000 1485 1220477 1000000.0000 680.0000 0.0000 0.0000 0 72.6027 2 27.3973 0 1.0000 0 1.0000 1486 1220478 1000000.0000 680.0000 0.0000 0.0000 0 76.4706 2 23.5294 0 1.0000 0 1.0000 1487 1220479 1000000.0000 647.0000 0.0000 0.0000 1 62.2642 2 37.7358 0 1.0000 0 1.0000 1488 1220480 1000000.0000 760.0000 0.0000 0.0000 2 68.3761
79.3814 2 20.6186 0 1.0000 0 1.0000 1569 1221673 1000000.0000 760.0000 0.0000 0.0000 2 56.2390 1 43.7610 0 1.0000 0 1.0000 1570 1221674 1000000.0000 800.0000 0.0000 0.0000 2 81.0127 1 18.9873 0 1.0000 0 1.0000 1571 1221675 1000000.0000 760.0000 0.0000 0.0000 1 54.9930 2 45.0070 0 1.0000 0 1.0000 1572 1221676 1000000.0000 800.0000 0.0000 0.0000 2 53.1561 1 46.8439 0 1.0000 0 1.0000 1573 1221677 1000000.0000 840.0000 0.0000 0.0000 2 70.1754 1 29.8246 0 1.0000 0
0 1.0000 1654 1222874 1000000.0000 850.0000 0.0000 0.0000 1 60.8323 2 39.1677 0 1.0000 0 1.0000 1655 1222875 1000000.0000 840.0000 0.0000 0.0000 2 52.4590 1 47.5410 0 1.0000 0 1.0000 1656 1222876 1000000.0000 850.0000 0.0000 0.0000 2 83.3333 0 16.6667 0 1.0000 0 1.0000 1657 1222877 1000000.0000 850.0000 0.0000 0.0000 2 65.0407 1 34.9593 0 1.0000 0 1.0000 1658 1222878 1000000.0000 854.0000 3.3473 0.0000 2 66.9456 1 29.7071 0 1.0000 0 1.0000 1659 1222879 1000000.0000 820.0000
1015.0000 0.0000 0.0000 2 100.0000 1 0.0000 0 1.0000 0 1.0000 1740 1224080 1000000.0000 1120.0000 0.0000 0.0000 2 100.0000 1 0.0000 0 1.0000 0 1.0000 1741 1224081 1000000.0000 1150.0000 13.0435 0.0000 2 86.9565 1 0.0000 0 1.0000 0 1.0000 1742 1224082 1000000.0000 1210.0000 0.0000 0.0000 2 100.0000 1 0.0000 0 1.0000 0 1.0000 1743 1224083 1000000.0000 1080.0000 0.0000 0.0000 2 97.8593 1 2.1407 0 1.0000 0 1.0000 1744 1224084 1000000.0000 1050.0000 21.4765 0.0000 2 71.5884 1
1 37.2549 0 1.0000 0 1.0000 1825 1225280 1000000.0000 980.0000 0.0000 0.0000 2 81.8414 1 18.1586 0 1.0000 0 1.0000 1826 1225281 1000000.0000 880.0000 0.0000 0.0000 1 52.3810 2 47.6190 0 1.0000 0 1.0000 1827 1225282 1000000.0000 860.0000 0.0000 0.0000 1 59.7484 2 40.2516 0 1.0000 0 1.0000 1828 1226398 1000000.0000 716.0000 0.0000 0.0000 0 77.2234 1 22.7766 0 1.0000 0 1.0000 1829 1226399 1000000.0000 677.0000 0.0000 0.0000 1 51.9055 0 48.0945 0 1.0000 0 1.0000
1.0000 1910 1227595 1000000.0000 686.0000 0.0000 0.0000 0 55.6868 1 44.3132 0 1.0000 0 1.0000 1911 1227596 1000000.0000 740.0000 0.0000 0.0000 0 68.7117 1 31.2883 0 1.0000 0 1.0000 1912 1227597 1000000.0000 760.0000 0.0000 0.0000 0 76.3023 1 23.6977 0 1.0000 0 1.0000 1913 1227598 1000000.0000 750.0000 0.0000 0.0000 0 74.0214 1 25.9786 0 1.0000 0 1.0000 1914 1227599 1000000.0000 760.0000 0.0000 0.0000 0 77.6161 1 22.3839 0 1.0000 0 1.0000 1915 1227600 1000000.0000 740.0000 0.0000
0.0000 0.0000 0 74.0260 2 25.9740 0 1.0000 0 1.0000 1996 1228796 1000000.0000 767.0000 0.0000 0.0000 0 71.3489 1 28.6511 0 1.0000 0 1.0000 1997 1228797 1000000.0000 713.0000 0.0000 0.0000 1 58.1616 0 41.8384 0 1.0000 0 1.0000 1998 1228798 1000000.0000 680.0000 0.0000 0.0000 0 66.1912 1 33.8088 0 1.0000 0 1.0000 1999 1228799 1000000.0000 780.0000 0.0000 0.0000 0 78.2551 1 21.7449 0 1.0000 0 1.0000 2000 1228800 1000000.0000 866.0000 0.0000 0.0000 2 51.5298 1 48.4702
20.2192 0 1.0000 0 1.0000 2081 1229997 1000000.0000 680.0000 0.0000 0.0000 0 73.1364 1 26.8636 0 1.0000 0 1.0000 2082 1229998 1000000.0000 770.0000 0.0000 0.0000 0 80.3768 1 19.6232 0 1.0000 0 1.0000 2083 1229999 1000000.0000 883.0000 0.0000 0.0000 2 74.0741 0 25.9259 0 1.0000 0 1.0000 2084 1230000 1000000.0000 860.0000 0.0000 0.0000 2 76.9231 0 23.0769 0 1.0000 0 1.0000 2085 1230001 1000000.0000 850.0000 0.0000 0.0000 0 57.4468 2 42.5532 0 1.0000 0 1.0000 2086
2166 1231197 1000000.0000 800.0000 0.0000 0.0000 2 60.6061 0 39.3939 0 1.0000 0 1.0000 2167 1231198 1000000.0000 740.0000 0.0000 0.0000 0 78.0220 2 21.9780 0 1.0000 0 1.0000 2168 1231199 1000000.0000 760.0000 0.0000 0.0000 0 76.7442 2 23.2558 0 1.0000 0 1.0000 2169 1231200 1000000.0000 780.0000 0.0000 0.0000 0 77.7778 2 22.2222 0 1.0000 0 1.0000 2170 1231201 1000000.0000 740.0000 0.0000 0.0000 0 81.8182 2 18.1818 0 1.0000 0 1.0000 2171 1231202 1000000.0000 640.0000 0.0000 0.0000
0.0000 0 80.3419 1 19.6581 0 1.0000 0 1.0000 2252 1232398 1000000.0000 860.0000 0.0000 0.0000 0 74.3590 2 25.6410 0 1.0000 0 1.0000 2253 1232399 1000000.0000 1020.0000 0.0000 0.0000 2 87.1935 1 12.8065 0 1.0000 0 1.0000 2254 1232400 1000000.0000 930.0000 0.0000 0.0000 2 93.2945 1 6.7055 0 1.0000 0 1.0000 2255 1232401 1000000.0000 900.0000 0.0000 0.0000 2 84.8806 1 15.1194 0 1.0000 0 1.0000 2256 1232402 1000000.0000 960.0000 0.0000 0.0000 2 86.7209 1 13.2791 0
0 1.0000 0 1.0000 2337 1233600 1000000.0000 1080.0000 0.0000 0.0000 2 84.8806 1 15.1194 0 1.0000 0 1.0000 2338 1233601 1000000.0000 1120.0000 0.0000 0.0000 2 74.0741 1 25.9259 0 1.0000 0 1.0000 2339 1233602 1000000.0000 940.0000 0.0000 0.0000 2 97.2644 1 2.7356 0 1.0000 0 1.0000 2340 1233603 1000000.0000 880.0000 0.0000 0.0000 2 66.5281 1 33.4719 0 1.0000 0 1.0000 2341 1233604 1000000.0000 880.0000 0.0000 0.0000 2 66.3900 1 33.6100 0 1.0000 0 1.0000 2342 1233605
1234802 1000000.0000 840.0000 0.0000 0.0000 0 62.9630 2 37.0370 0 1.0000 0 1.0000 2423 1234803 1000000.0000 1020.0000 0.0000 0.0000 2 77.4818 1 22.5182 0 1.0000 0 1.0000 2424 1234804 1000000.0000 1007.0000 0.0000 0.0000 2 69.1145 1 30.8855 0 1.0000 0 1.0000 2425 1234805 1000000.0000 960.0000 0.0000 0.0000 2 76.9231 1 23.0769 0 1.0000 0 1.0000 2426 1234806 1000000.0000 920.0000 0.0000 0.0000 2 80.0000 1 20.0000 0 1.0000 0 1.0000 2427 1234807 1000000.0000 786.0000 21.5603 0.0000 1
0 53.2727 1 39.8771 0 1.0000 0 1.0000 2508 1236005 1000000.0000 880.0000 23.6337 0.0000 2 52.1050 1 24.2614 0 1.0000 0 1.0000 2509 1236006 1000000.0000 880.0000 0.0000 0.0000 2 64.7773 1 35.2227 0 1.0000 0 1.0000 2510 1236007 1000000.0000 847.0000 10.0000 0.0000 2 47.3684 1 42.6316 0 1.0000 0 1.0000 2511 1236008 1000000.0000 805.0000 0.0000 0.0000 1 61.1050 0 38.8950 0 1.0000 0 1.0000 2512 1236009 1000000.0000 720.0000 0.0000 0.0000 0 70.9452 1 29.0548 0 1.0000
1.0000 0 1.0000 2593 1237206 1000000.0000 875.0000 0.0000 0.0000 2 53.5117 1 46.4883 0 1.0000 0 1.0000 2594 1237207 1000000.0000 887.0000 4.4818 0.0000 1 50.7003 2 44.8179 0 1.0000 0 1.0000 2595 1237208 1000000.0000 920.0000 0.0000 0.0000 2 70.0219 1 29.9781 0 1.0000 0 1.0000 2596 1237209 1000000.0000 939.0000 0.0000 0.0000 2 72.0721 1 27.9279 0 1.0000 0 1.0000 2597 1237210 1000000.0000 900.0000 0.0000 0.0000 2 87.9121 1 12.0879 0 1.0000 0 1.0000 2598 1237211 1000000.0000
1000000.0000 800.0000 0.0000 0.0000 1 50.0600 0 49.9400 0 1.0000 0 1.0000 2679 1238414 1000000.0000 880.0000 0.0000 0.0000 2 95.2381 1 4.7619 0 1.0000 0 1.0000 2680 1238422 1000000.0000 990.0000 27.4090 0.0000 2 68.5225 1 4.0685 0 1.0000 0 1.0000 2681 1238423 1000000.0000 960.0000 8.5561 0.0000 2 85.5615 1 5.8824 0 1.0000 0 1.0000 2682 1238424 1000000.0000 970.0000 0.0000 0.0000 2 88.8889 1 11.1111 0 1.0000 0 1.0000 2683 1238425 1000000.0000 930.0000 0.0000 0.0000 2 100.0000
54.9296 2 45.0704 0 1.0000 0 1.0000 2764 1240758 1000000.0000 910.0000 0.0000 0.0000 1 53.3528 2 46.6472 0 1.0000 0 1.0000 2765 1240759 1000000.0000 980.0000 0.0000 0.0000 1 65.9212 2 34.0788 0 1.0000 0 1.0000 2766 1240760 1000000.0000 1080.0000 0.0000 0.0000 1 64.0045 2 35.9955 0 1.0000 0 1.0000 2767 1240761 1000000.0000 1060.0000 0.0000 0.0000 1 68.6582 2 31.3418 0 1.0000 0 1.0000 2768 1240762 1000000.0000 935.0000 0.0000 0.0000 2 80.6045 1 19.3955 0 1.0000 0
