Hbv_Gaulfoss_grid_grid_General/hbv_landscape.txt
ncols         1195
nrows         1550
xllcorner     -75000
yllcorner     6.45e+06
cellsize      1000
NODATA_value  -9999
[rows 0 to 32 of 36, columns 0 to 75 of 1195]
# Number of landscape elements : 3079 0 1186970 1000000.0000 200.0000 0.0000 0.0000 0 79.1667 2 20.8333 0 1.0000 0 1.0000 1 1186971 1000000.0000 340.0000 0.0000 0.0000 0 74.0836 1 25.9164 0 1.0000 0 1.0000 2 1186995 1000000.0000 789.0000 0.0000 0.0000 2 94.9555 1 5.0445 0 1.0000 0 1.0000 3 1186996 1000000.0000 760.0000 0.0000 0.0000 2 87.9121 1 12.0879 0 1.0000 0 1.0000 4 1188163 1000000.0000 180.0000 0.0000 0.0000 0 76.7442 2 23.2558 0 1.0000 0
0 1.0000 85 1194146 1000000.0000 470.0000 0.0000 0.0000 1 74.0470 2 25.9530 0 1.0000 0 1.0000 86 1194147 1000000.0000 540.0000 0.0000 0.0000 1 78.4946 2 21.5054 0 1.0000 0 1.0000 87 1194148 1000000.0000 613.0000 5.9880 0.0000 1 64.8610 2 29.1510 0 1.0000 0 1.0000 88 1194149 1000000.0000 568.0000 1.5748 0.0000 1 66.9291 2 31.4961 0 1.0000 0 1.0000 89 1194158 1000000.0000 580.0000 24.7949 0.0000 1 46.0346 2 29.1705 0 1.0000 0 1.0000 90 1194159 1000000.0000 652.0000
400.0000 0.0000 0.0000 1 56.4530 0 43.5470 0 1.0000 0 1.0000 171 1197732 1000000.0000 480.0000 0.0000 0.0000 0 73.1070 1 26.8930 0 1.0000 0 1.0000 172 1197733 1000000.0000 460.0000 0.0000 0.0000 0 78.0264 1 21.9736 0 1.0000 0 1.0000 173 1197734 1000000.0000 540.0000 0.0000 0.0000 1 52.9412 0 47.0588 0 1.0000 0 1.0000 174 1197735 1000000.0000 500.0000 0.0000 0.0000 1 65.0960 0 34.9040 0 1.0000 0 1.0000 175 1197736 1000000.0000 490.0000 0.0000 0.0000 0 68.4086 1
2 23.5814 0 1.0000 0 1.0000 256 1200130 1000000.0000 570.0000 0.0000 0.0000 0 55.8764 1 44.1236 0 1.0000 0 1.0000 257 1200131 1000000.0000 528.0000 0.0000 0.0000 0 52.0030 1 47.9970 0 1.0000 0 1.0000 258 1200132 1000000.0000 660.0000 0.0000 0.0000 1 53.4392 0 46.5608 0 1.0000 0 1.0000 259 1200133 1000000.0000 700.0000 0.0000 0.0000 1 65.3304 2 34.6696 0 1.0000 0 1.0000 260 1200134 1000000.0000 718.0000 0.0000 0.0000 2 59.2593 1 40.7407 0 1.0000 0 1.0000
1.0000 341 1202518 1000000.0000 420.0000 0.0000 0.0000 0 69.6970 2 30.3030 0 1.0000 0 1.0000 342 1202519 1000000.0000 540.0000 0.0000 0.0000 0 63.2768 1 36.7232 0 1.0000 0 1.0000 343 1202520 1000000.0000 500.0000 0.0000 0.0000 0 64.1304 1 35.8696 0 1.0000 0 1.0000 344 1202521 1000000.0000 500.0000 0.0000 0.0000 0 59.3509 1 40.6491 0 1.0000 0 1.0000 345 1202522 1000000.0000 540.0000 0.0000 0.0000 0 80.7175 1 19.2825 0 1.0000 0 1.0000 346 1202523 1000000.0000 600.0000 0.0000
0.0000 0.0000 2 91.1681 1 8.8319 0 1.0000 0 1.0000 427 1203748 1000000.0000 1033.0000 4.7059 0.0000 2 94.1176 1 1.1765 0 1.0000 0 1.0000 428 1203749 1000000.0000 960.0000 51.3120 0.0000 2 46.6472 1 2.0408 0 1.0000 0 1.0000 429 1204884 1000000.0000 800.0000 4.2440 0.0000 2 84.8806 1 10.8753 0 1.0000 0 1.0000 430 1204885 1000000.0000 640.0000 0.0000 0.0000 0 51.4412 1 48.5588 0 1.0000 0 1.0000 431 1204886 1000000.0000 660.0000 0.0000 0.0000 0 62.1729 1 37.8271
30.8161 0 1.0000 0 1.0000 512 1206099 1000000.0000 540.0000 0.0000 0.0000 0 81.1321 2 18.8679 0 1.0000 0 1.0000 513 1206100 1000000.0000 260.0000 0.0000 0.0000 0 80.0000 2 20.0000 0 1.0000 0 1.0000 514 1206101 1000000.0000 420.0000 0.0000 0.0000 0 82.1429 2 17.8571 0 1.0000 0 1.0000 515 1206102 1000000.0000 480.0000 0.0000 0.0000 0 71.4286 2 28.5714 0 1.0000 0 1.0000 516 1206103 1000000.0000 500.0000 0.0000 0.0000 0 82.9060 2 17.0940 0 1.0000 0 1.0000 517
597 1207308 1000000.0000 387.0000 0.0000 0.0000 0 80.9524 2 19.0476 0 1.0000 0 1.0000 598 1207309 1000000.0000 430.0000 0.0000 0.0000 0 82.9060 2 17.0940 0 1.0000 0 1.0000 599 1207310 1000000.0000 468.0000 0.0000 0.0000 0 83.3333 2 16.6667 0 1.0000 0 1.0000 600 1207311 1000000.0000 580.0000 0.0000 0.0000 0 79.3814 2 20.6186 0 1.0000 0 1.0000 601 1207312 1000000.0000 490.0000 0.0000 0.0000 0 83.0508 2 16.9492 0 1.0000 0 1.0000 602 1207313 1000000.0000 347.0000 0.0000 0.0000
0.0000 0 82.6087 2 17.3913 0 1.0000 0 1.0000 683 1208516 1000000.0000 500.0000 0.0000 0.0000 0 82.7586 2 17.2414 0 1.0000 0 1.0000 684 1208517 1000000.0000 550.0000 0.0000 0.0000 0 62.2101 1 37.7899 0 1.0000 0 1.0000 685 1208518 1000000.0000 570.0000 0.0000 0.0000 0 56.3830 1 43.6170 0 1.0000 0 1.0000 686 1208519 1000000.0000 606.0000 0.0000 0.0000 1 73.7920 2 26.2080 0 1.0000 0 1.0000 687 1208520 1000000.0000 610.0000 0.0000 0.0000 1 53.6028 0 46.3972 0
0 1.0000 0 1.0000 768 1209719 1000000.0000 700.0000 0.0000 0.0000 1 73.8348 2 26.1652 0 1.0000 0 1.0000 769 1209720 1000000.0000 730.0000 0.0000 0.0000 1 63.6364 2 36.3636 0 1.0000 0 1.0000 770 1209721 1000000.0000 680.0000 0.0000 0.0000 0 62.9630 2 37.0370 0 1.0000 0 1.0000 771 1209722 1000000.0000 604.0000 0.0000 0.0000 0 79.3814 2 20.6186 0 1.0000 0 1.0000 772 1209723 1000000.0000 640.0000 0.0000 0.0000 0 50.4884 1 49.5116 0 1.0000 0 1.0000 773 1209724
1210921 1000000.0000 630.0000 0.0000 0.0000 0 72.9730 2 27.0270 0 1.0000 0 1.0000 854 1210922 1000000.0000 740.0000 0.0000 0.0000 1 76.7948 2 23.2052 0 1.0000 0 1.0000 855 1210923 1000000.0000 755.0000 0.0000 0.0000 1 76.1905 2 23.8095 0 1.0000 0 1.0000 856 1210924 1000000.0000 730.0000 0.0000 0.0000 1 52.0533 0 47.9467 0 1.0000 0 1.0000 857 1210925 1000000.0000 800.0000 0.0000 0.0000 2 76.5550 1 23.4450 0 1.0000 0 1.0000 858 1210926 1000000.0000 920.0000 0.0000 0.0000 2
2 96.9697 1 3.0303 0 1.0000 0 1.0000 939 1212122 1000000.0000 1080.0000 0.0000 0.0000 2 100.0000 1 0.0000 0 1.0000 0 1.0000 940 1212123 1000000.0000 980.0000 0.0000 0.0000 2 98.7654 1 1.2346 0 1.0000 0 1.0000 941 1212124 1000000.0000 1000.0000 8.8398 0.0000 2 88.3978 1 2.7624 0 1.0000 0 1.0000 942 1212125 1000000.0000 1080.0000 16.6667 0.0000 2 83.3333 1 0.0000 0 1.0000 0 1.0000 943 1213242 1000000.0000 720.0000 0.0000 0.0000 0 55.4622 1 44.5378 0 1.0000
1.0000 0 1.0000 1024 1214439 1000000.0000 620.0000 0.0000 0.0000 0 66.5083 1 33.4917 0 1.0000 0 1.0000 1025 1214440 1000000.0000 623.0000 0.0000 0.0000 1 60.9003 0 39.0997 0 1.0000 0 1.0000 1026 1214441 1000000.0000 573.0000 0.0000 0.0000 0 52.3134 1 47.6866 0 1.0000 0 1.0000 1027 1214442 1000000.0000 520.0000 0.0000 0.0000 0 50.5890 1 49.4110 0 1.0000 0 1.0000 1028 1214443 1000000.0000 480.0000 2.3335 0.0000 0 74.9413 1 22.7252 0 1.0000 0 1.0000 1029 1214444 1000000.0000
1000000.0000 465.0000 0.0000 0.0000 0 81.6514 2 18.3486 0 1.0000 0 1.0000 1110 1215641 1000000.0000 400.0000 0.0000 0.0000 0 82.1429 2 17.8571 0 1.0000 0 1.0000 1111 1215642 1000000.0000 500.0000 0.0000 0.0000 0 82.4561 2 17.5439 0 1.0000 0 1.0000 1112 1215643 1000000.0000 573.0000 0.0000 0.0000 0 83.3333 2 16.6667 0 1.0000 0 1.0000 1113 1215644 1000000.0000 645.0000 0.0000 0.0000 0 79.5194 1 20.4806 0 1.0000 0 1.0000 1114 1215645 1000000.0000 613.0000 0.0000 0.0000 0 76.6907
79.3814 2 20.6186 0 1.0000 0 1.0000 1195 1216841 1000000.0000 518.0000 0.0000 0.0000 0 81.4019 1 18.5981 0 1.0000 0 1.0000 1196 1216842 1000000.0000 440.0000 0.0000 0.0000 0 83.3333 2 16.6667 0 1.0000 0 1.0000 1197 1216843 1000000.0000 467.0000 0.0000 0.0000 0 79.3814 2 20.6186 0 1.0000 0 1.0000 1198 1216844 1000000.0000 540.0000 0.0000 0.0000 0 74.3590 2 25.6410 0 1.0000 0 1.0000 1199 1216845 1000000.0000 600.0000 0.0000 0.0000 0 69.6915 1 30.3085 0 1.0000 0
0 1.0000 1280 1218044 1000000.0000 590.0000 0.0000 0.0000 0 66.2420 1 33.7580 0 1.0000 0 1.0000 1281 1218045 1000000.0000 537.0000 0.0000 0.0000 0 80.3922 2 19.6078 0 1.0000 0 1.0000 1282 1218046 1000000.0000 700.0000 0.7801 0.0000 0 81.9643 2 17.2556 0 1.0000 0 1.0000 1283 1218047 1000000.0000 740.0000 0.0000 0.0000 0 79.1667 2 20.8333 0 1.0000 0 1.0000 1284 1218048 1000000.0000 640.0000 0.0000 0.0000 0 67.0157 1 32.9843 0 1.0000 0 1.0000 1285 1218049 1000000.0000 580.0000
550.0000 0.0000 0.0000 0 82.4561 2 17.5439 0 1.0000 0 1.0000 1366 1219246 1000000.0000 520.0000 0.0000 0.0000 0 81.1321 2 18.8679 0 1.0000 0 1.0000 1367 1219247 1000000.0000 565.0000 0.0000 0.0000 0 50.7570 1 49.2430 0 1.0000 0 1.0000 1368 1219248 1000000.0000 620.0000 0.0000 0.0000 0 81.6514 2 18.3486 0 1.0000 0 1.0000 1369 1219249 1000000.0000 710.0000 0.0000 0.0000 0 50.6839 1 49.3161 0 1.0000 0 1.0000 1370 1219250 1000000.0000 820.0000 0.0000 0.0000 2 88.1543 1
1 23.2323 0 1.0000 0 1.0000 1451 1220443 1000000.0000 636.0000 0.0000 0.0000 0 68.0437 1 31.9563 0 1.0000 0 1.0000 1452 1220444 1000000.0000 700.0000 0.0000 0.0000 0 57.7377 1 42.2623 0 1.0000 0 1.0000 1453 1220445 1000000.0000 780.0000 0.0000 0.0000 0 60.7843 2 39.2157 0 1.0000 0 1.0000 1454 1220446 1000000.0000 920.0000 0.0000 0.0000 2 96.6767 1 3.3233 0 1.0000 0 1.0000 1455 1220447 1000000.0000 1000.0000 0.0000 0.0000 2 93.5673 1 6.4327 0 1.0000 0 1.0000
1.0000 1536 1221640 1000000.0000 840.0000 0.0000 0.0000 0 54.5455 2 45.4545 0 1.0000 0 1.0000 1537 1221641 1000000.0000 900.0000 0.0000 0.0000 2 98.4615 1 1.5385 0 1.0000 0 1.0000 1538 1221642 1000000.0000 1050.0000 0.0000 0.0000 2 100.0000 1 0.0000 0 1.0000 0 1.0000 1539 1221643 1000000.0000 917.0000 0.0000 0.0000 2 79.6020 1 20.3980 0 1.0000 0 1.0000 1540 1221644 1000000.0000 880.0000 0.0000 0.0000 2 94.3953 1 5.6047 0 1.0000 0 1.0000 1541 1221645 1000000.0000 780.0000 0.0000
0.0000 0.0000 0 77.5281 2 22.4719 0 1.0000 0 1.0000 1622 1222842 1000000.0000 920.0000 0.0000 0.0000 2 79.6020 1 20.3980 0 1.0000 0 1.0000 1623 1222843 1000000.0000 840.0000 0.0000 0.0000 2 58.8235 0 41.1765 0 1.0000 0 1.0000 1624 1222844 1000000.0000 733.0000 0.0000 0.0000 0 73.8645 1 26.1355 0 1.0000 0 1.0000 1625 1222845 1000000.0000 600.0000 0.0000 0.0000 0 80.1980 2 19.8020 0 1.0000 0 1.0000 1626 1222846 1000000.0000 690.0000 0.0000 0.0000 0 67.5716 1 32.4284
8.8319 0 1.0000 0 1.0000 1707 1224047 1000000.0000 1020.0000 0.0000 0.0000 2 80.4020 1 19.5980 0 1.0000 0 1.0000 1708 1224048 1000000.0000 810.0000 0.0000 0.0000 2 51.4469 1 48.5531 0 1.0000 0 1.0000 1709 1224049 1000000.0000 780.0000 0.0000 0.0000 1 67.8068 2 32.1932 0 1.0000 0 1.0000 1710 1224050 1000000.0000 760.0000 0.0000 0.0000 1 70.2602 2 29.7398 0 1.0000 0 1.0000 1711 1224051 1000000.0000 712.0000 0.0000 0.0000 1 62.4161 0 37.5839 0 1.0000 0 1.0000 1712
1792 1225247 1000000.0000 820.0000 0.0000 0.0000 0 72.6027 2 27.3973 0 1.0000 0 1.0000 1793 1225248 1000000.0000 875.0000 6.5844 0.0000 2 65.8436 1 27.5720 0 1.0000 0 1.0000 1794 1225249 1000000.0000 900.0000 18.6047 0.0000 2 62.0155 1 19.3798 0 1.0000 0 1.0000 1795 1225250 1000000.0000 880.0000 0.0000 0.0000 2 84.2105 1 15.7895 0 1.0000 0 1.0000 1796 1225251 1000000.0000 827.0000 0.0000 0.0000 1 57.8947 2 42.1053 0 1.0000 0 1.0000 1797 1225252 1000000.0000 820.0000 0.0000 0.0000
0.0000 2 95.8084 1 4.1916 0 1.0000 0 1.0000 1878 1226448 1000000.0000 880.0000 0.0000 0.0000 2 94.1176 1 5.8824 0 1.0000 0 1.0000 1879 1226449 1000000.0000 587.0000 0.0000 0.0000 0 81.8182 2 18.1818 0 1.0000 0 1.0000 1880 1226450 1000000.0000 660.0000 0.0000 0.0000 0 70.1493 2 29.8507 0 1.0000 0 1.0000 1881 1226451 1000000.0000 655.0000 0.0000 0.0000 0 76.4706 2 23.5294 0 1.0000 0 1.0000 1882 1226452 1000000.0000 500.0000 0.0000 0.0000 0 81.1321 2 18.8679 0
0 1.0000 0 1.0000 1963 1227648 1000000.0000 640.0000 0.0000 0.0000 0 79.7980 2 20.2020 0 1.0000 0 1.0000 1964 1227649 1000000.0000 600.0000 0.0000 0.0000 0 83.3333 2 16.6667 0 1.0000 0 1.0000 1965 1227650 1000000.0000 566.0000 0.0000 0.0000 0 81.9820 2 18.0180 0 1.0000 0 1.0000 1966 1227651 1000000.0000 460.0000 0.0000 0.0000 0 75.3086 2 24.6914 0 1.0000 0 1.0000 1967 1227652 1000000.0000 390.0000 0.0000 0.0000 0 52.3810 2 47.6190 0 1.0000 0 1.0000 1968 1227653
1228848 1000000.0000 400.0000 0.0000 0.0000 2 55.5556 0 44.4444 0 1.0000 0 1.0000 2049 1228849 1000000.0000 600.0000 0.0000 0.0000 0 74.3590 2 25.6410 0 1.0000 0 1.0000 2050 1228850 1000000.0000 700.0000 0.0000 0.0000 1 75.5539 2 24.4461 0 1.0000 0 1.0000 2051 1228851 1000000.0000 727.0000 0.0000 0.0000 1 71.6563 2 28.3437 0 1.0000 0 1.0000 2052 1228852 1000000.0000 720.0000 0.0000 0.0000 0 55.7880 1 44.2120 0 1.0000 0 1.0000 2053 1228853 1000000.0000 700.0000 0.0000 0.0000 1
0 58.7019 1 37.2901 0 1.0000 0 1.0000 2134 1230050 1000000.0000 720.0000 0.0000 0.0000 0 65.5034 1 34.4966 0 1.0000 0 1.0000 2135 1230051 1000000.0000 720.0000 0.0000 0.0000 1 51.6646 0 48.3354 0 1.0000 0 1.0000 2136 1230052 1000000.0000 747.0000 0.0000 0.0000 0 54.2033 1 45.7967 0 1.0000 0 1.0000 2137 1230053 1000000.0000 780.0000 0.0000 0.0000 1 64.6018 0 35.3982 0 1.0000 0 1.0000 2138 1230054 1000000.0000 800.0000 0.0000 0.0000 1 76.1679 0 23.8321 0 1.0000
1.0000 0 1.0000 2219 1231250 1000000.0000 775.0000 0.0000 0.0000 1 62.4490 0 37.5510 0 1.0000 0 1.0000 2220 1231251 1000000.0000 778.0000 0.0000 0.0000 1 72.2463 0 27.7537 0 1.0000 0 1.0000 2221 1231252 1000000.0000 860.0000 0.0000 0.0000 2 51.2821 0 48.7179 0 1.0000 0 1.0000 2222 1231253 1000000.0000 860.0000 0.0000 0.0000 2 56.1404 1 43.8596 0 1.0000 0 1.0000 2223 1231254 1000000.0000 847.0000 0.0000 0.0000 2 64.7773 1 35.2227 0 1.0000 0 1.0000 2224 1231255 1000000.0000
1000000.0000 980.0000 9.0652 0.0000 2 90.6516 1 0.2833 0 1.0000 0 1.0000 2305 1232451 1000000.0000 1091.0000 0.0000 0.0000 2 99.6885 1 0.3115 0 1.0000 0 1.0000 2306 1232452 1000000.0000 1036.0000 0.0000 0.0000 2 91.1681 1 8.8319 0 1.0000 0 1.0000 2307 1233570 1000000.0000 940.0000 0.0000 0.0000 1 50.9202 2 49.0798 0 1.0000 0 1.0000 2308 1233571 1000000.0000 873.0000 0.0000 0.0000 2 79.8005 1 20.1995 0 1.0000 0 1.0000 2309 1233572 1000000.0000 840.0000 0.0000 0.0000 2 67.9406
93.8416 1 6.1584 0 1.0000 0 1.0000 2390 1234770 1000000.0000 1060.0000 0.0000 0.0000 2 73.0594 1 26.9406 0 1.0000 0 1.0000 2391 1234771 1000000.0000 960.0000 0.0000 0.0000 2 62.7451 1 37.2549 0 1.0000 0 1.0000 2392 1234772 1000000.0000 878.0000 0.0000 0.0000 2 60.1504 1 39.8496 0 1.0000 0 1.0000 2393 1234773 1000000.0000 950.0000 0.0000 0.0000 2 83.9895 1 16.0105 0 1.0000 0 1.0000 2394 1234774 1000000.0000 920.0000 0.0000 0.0000 2 68.6695 1 31.3305 0 1.0000 0
0 1.0000 2475 1235972 1000000.0000 730.0000 0.0000 0.0000 0 64.2234 1 35.7766 0 1.0000 0 1.0000 2476 1235973 1000000.0000 860.0000 0.0000 0.0000 2 52.9801 1 47.0199 0 1.0000 0 1.0000 2477 1235974 1000000.0000 915.0000 0.0000 0.0000 1 50.6934 2 49.3066 0 1.0000 0 1.0000 2478 1235975 1000000.0000 1040.0000 4.7337 0.0000 2 94.6746 1 0.5917 0 1.0000 0 1.0000 2479 1235976 1000000.0000 1000.0000 28.3186 0.0000 2 70.7965 1 0.8850 0 1.0000 0 1.0000 2480 1235977 1000000.0000 1007.0000
1060.0000 0.0000 0.0000 2 88.8889 1 11.1111 0 1.0000 0 1.0000 2561 1237174 1000000.0000 1020.0000 8.1800 0.0000 1 59.1002 2 32.7198 0 1.0000 0 1.0000 2562 1237175 1000000.0000 980.0000 8.8643 0.0000 1 46.8144 2 44.3213 0 1.0000 0 1.0000 2563 1237176 1000000.0000 970.0000 0.0000 0.0000 2 77.2947 1 22.7053 0 1.0000 0 1.0000 2564 1237177 1000000.0000 831.0000 0.0000 0.0000 0 78.7234 2 21.2766 0 1.0000 0 1.0000 2565 1237178 1000000.0000 720.0000 0.0000 0.0000 0 82.3009 2
1 3.1579 0 1.0000 0 1.0000 2646 1238379 1000000.0000 1130.0000 0.0000 0.0000 2 90.3955 1 9.6045 0 1.0000 0 1.0000 2647 1238380 1000000.0000 1110.0000 0.0000 0.0000 2 86.0215 1 13.9785 0 1.0000 0 1.0000 2648 1238381 1000000.0000 1070.0000 0.0000 0.0000 2 88.8889 1 11.1111 0 1.0000 0 1.0000 2649 1238382 1000000.0000 980.0000 0.0000 0.0000 2 73.9030 1 26.0970 0 1.0000 0 1.0000 2650 1238383 1000000.0000 956.0000 42.8571 0.0000 2 40.8163 1 16.3265 0 1.0000 0 1.0000
1.0000 2731 1239591 1000000.0000 820.0000 0.0000 0.0000 1 52.6047 0 47.3953 0 1.0000 0 1.0000 2732 1239592 1000000.0000 720.0000 0.0000 0.0000 0 52.4469 1 47.5531 0 1.0000 0 1.0000 2733 1239593 1000000.0000 771.0000 0.0000 0.0000 0 74.2440 1 25.7560 0 1.0000 0 1.0000 2734 1239594 1000000.0000 720.0000 0.0000 0.0000 0 51.7039 1 48.2961 0 1.0000 0 1.0000 2735 1239595 1000000.0000 860.0000 0.0000 0.0000 0 74.2327 1 25.7673 0 1.0000 0 1.0000 2736 1239596 1000000.0000 800.0000 0.0000
