Hbv_Gaulfoss_grid_grid_General/hbv_landscape.txt
ncols         1195
nrows         1550
xllcorner     -75000
yllcorner     6.45e+06
cellsize      1000
NODATA_value  -9999
[rows 0 to 32 of 36, columns 684 to 759 of 1195]
0.0000 0 76.8389 1 22.4462 0 1.0000 0 1.0000 49 1191755 1000000.0000 460.0000 13.4642 0.0000 1 61.1308 2 25.4050 0 1.0000 0 1.0000 50 1191756 1000000.0000 445.0000 14.6610 0.0000 1 65.7911 2 19.5480 0 1.0000 0 1.0000 51 1191757 1000000.0000 520.0000 0.0000 0.0000 1 73.3998 2 26.6002 0 1.0000 0 1.0000 52 1191776 1000000.0000 542.0000 80.0954 0.0000 2 19.0703 1 0.8343 0 1.0000 0 1.0000 53 1191777 1000000.0000 542.0000 78.5837 0.0000 2 18.2753 1 3.1411 0
0 1.0000 0 1.0000 134 1196535 1000000.0000 460.0000 26.3529 0.0000 1 48.5490 2 25.0980 0 1.0000 0 1.0000 135 1196536 1000000.0000 440.0000 0.0000 0.0000 1 74.1310 2 25.8690 0 1.0000 0 1.0000 136 1196537 1000000.0000 540.0000 0.0000 0.0000 1 60.9058 0 39.0942 0 1.0000 0 1.0000 137 1196538 1000000.0000 560.0000 0.0000 0.0000 1 68.6275 2 31.3725 0 1.0000 0 1.0000 138 1196539 1000000.0000 580.0000 0.0000 0.0000 1 74.9020 2 25.0980 0 1.0000 0 1.0000 139 1196540
1198937 1000000.0000 600.0000 0.0000 0.0000 1 79.0713 2 20.9287 0 1.0000 0 1.0000 220 1198938 1000000.0000 660.0000 0.0000 0.0000 1 65.3304 2 34.6696 0 1.0000 0 1.0000 221 1198939 1000000.0000 800.0000 0.0000 0.0000 2 86.0215 1 13.9785 0 1.0000 0 1.0000 222 1198940 1000000.0000 700.0000 0.0000 0.0000 2 72.0721 1 27.9279 0 1.0000 0 1.0000 223 1198941 1000000.0000 670.0000 1.6824 0.0000 1 64.6688 2 33.6488 0 1.0000 0 1.0000 224 1198942 1000000.0000 732.0000 0.0000 0.0000 1
1 73.5756 2 26.4244 0 1.0000 0 1.0000 305 1201333 1000000.0000 708.0000 0.0000 0.0000 1 55.4318 2 44.5682 0 1.0000 0 1.0000 306 1201334 1000000.0000 820.0000 0.0000 0.0000 2 93.0233 1 6.9767 0 1.0000 0 1.0000 307 1201335 1000000.0000 911.0000 0.0000 0.0000 2 97.5610 1 2.4390 0 1.0000 0 1.0000 308 1201336 1000000.0000 780.0000 0.0000 0.0000 2 95.5224 1 4.4776 0 1.0000 0 1.0000 309 1201337 1000000.0000 640.0000 0.0000 0.0000 2 60.6061 0 39.3939 0 1.0000
1.0000 0 1.0000 390 1203708 1000000.0000 500.0000 0.0000 0.0000 0 71.3264 1 28.6736 0 1.0000 0 1.0000 391 1203709 1000000.0000 499.0000 0.0000 0.0000 0 83.3333 2 16.6667 0 1.0000 0 1.0000 392 1203710 1000000.0000 380.0000 0.0000 0.0000 0 82.9060 2 17.0940 0 1.0000 0 1.0000 393 1203711 1000000.0000 340.0000 0.0000 0.0000 0 75.3086 2 24.6914 0 1.0000 0 1.0000 394 1203712 1000000.0000 245.0000 0.0000 0.0000 0 77.5281 2 22.4719 0 1.0000 0 1.0000 395 1203713 1000000.0000
1000000.0000 653.0000 0.0000 0.0000 2 53.8721 1 46.1279 0 1.0000 0 1.0000 476 1204931 1000000.0000 700.0000 0.0000 0.0000 0 67.2131 2 32.7869 0 1.0000 0 1.0000 477 1204932 1000000.0000 720.0000 0.0000 0.0000 1 58.3875 2 41.6125 0 1.0000 0 1.0000 478 1204933 1000000.0000 665.0000 0.0000 0.0000 1 69.4073 2 30.5927 0 1.0000 0 1.0000 479 1204934 1000000.0000 710.0000 0.0000 0.0000 1 56.4033 2 43.5967 0 1.0000 0 1.0000 480 1204935 1000000.0000 670.0000 2.1858 0.0000 2 59.7339
100.0000 1 0.0000 0 1.0000 0 1.0000 561 1207272 1000000.0000 820.0000 0.0000 0.0000 2 94.3953 1 5.6047 0 1.0000 0 1.0000 562 1207273 1000000.0000 700.0000 0.0000 0.0000 2 56.7376 1 43.2624 0 1.0000 0 1.0000 563 1207274 1000000.0000 700.0000 0.0000 0.0000 0 64.2857 2 35.7143 0 1.0000 0 1.0000 564 1207275 1000000.0000 639.0000 0.0000 0.0000 0 78.4667 1 21.5333 0 1.0000 0 1.0000 565 1207276 1000000.0000 580.0000 0.0000 0.0000 0 72.1202 1 27.8798 0 1.0000 0
0 1.0000 646 1208479 1000000.0000 620.0000 0.0000 0.0000 0 77.3384 1 22.6616 0 1.0000 0 1.0000 647 1208480 1000000.0000 520.0000 0.0000 0.0000 0 81.9820 2 18.0180 0 1.0000 0 1.0000 648 1208481 1000000.0000 430.0000 0.0000 0.0000 0 82.3009 2 17.6991 0 1.0000 0 1.0000 649 1208482 1000000.0000 460.0000 0.0000 0.0000 0 76.7442 2 23.2558 0 1.0000 0 1.0000 650 1208483 1000000.0000 480.0000 1.7827 0.0000 0 76.8657 2 21.3516 0 1.0000 0 1.0000 651 1208484 1000000.0000 543.0000
584.0000 5.9957 0.0000 0 50.2753 1 43.7290 0 1.0000 0 1.0000 732 1209683 1000000.0000 580.0000 0.0000 0.0000 1 57.2764 0 42.7236 0 1.0000 0 1.0000 733 1209684 1000000.0000 560.0000 0.0000 0.0000 0 70.5882 1 29.4118 0 1.0000 0 1.0000 734 1209685 1000000.0000 385.0000 0.0000 0.0000 0 77.2727 2 22.7273 0 1.0000 0 1.0000 735 1209686 1000000.0000 480.0000 0.0000 0.0000 0 80.0000 2 20.0000 0 1.0000 0 1.0000 736 1209687 1000000.0000 560.0000 0.0000 0.0000 0 82.9060 2
0 44.8871 0 1.0000 0 1.0000 817 1210885 1000000.0000 560.0000 0.0000 0.0000 0 82.6087 2 17.3913 0 1.0000 0 1.0000 818 1210886 1000000.0000 380.0000 0.0000 0.0000 0 83.3333 2 16.6667 0 1.0000 0 1.0000 819 1210887 1000000.0000 400.0000 0.0000 0.0000 0 83.3333 2 16.6667 0 1.0000 0 1.0000 820 1210888 1000000.0000 275.0000 0.0000 0.0000 0 81.8182 2 18.1818 0 1.0000 0 1.0000 821 1210889 1000000.0000 180.0000 0.0000 0.0000 0 52.3810 2 47.6190 0 1.0000 0 1.0000
1.0000 902 1212085 1000000.0000 260.0000 0.0000 0.0000 0 78.2609 2 21.7391 0 1.0000 0 1.0000 903 1212086 1000000.0000 360.0000 0.0000 0.0000 0 83.3333 2 16.6667 0 1.0000 0 1.0000 904 1212087 1000000.0000 480.0000 0.0000 0.0000 0 83.3333 2 16.6667 0 1.0000 0 1.0000 905 1212088 1000000.0000 500.0000 0.0000 0.0000 0 81.9820 2 18.0180 0 1.0000 0 1.0000 906 1212089 1000000.0000 560.0000 0.0000 0.0000 0 80.1980 2 19.8020 0 1.0000 0 1.0000 907 1212090 1000000.0000 620.0000 0.0000
0.0000 0.0000 0 78.2178 1 21.7822 0 1.0000 0 1.0000 988 1213287 1000000.0000 700.0000 0.0000 0.0000 0 83.3333 2 16.6667 0 1.0000 0 1.0000 989 1213288 1000000.0000 700.0000 0.0000 0.0000 0 64.3963 1 35.6037 0 1.0000 0 1.0000 990 1213289 1000000.0000 740.0000 0.0000 0.0000 1 51.0813 0 48.9187 0 1.0000 0 1.0000 991 1213290 1000000.0000 700.0000 0.0000 0.0000 1 70.9882 2 29.0118 0 1.0000 0 1.0000 992 1213291 1000000.0000 607.0000 0.0000 0.0000 1 58.2790 2 41.7210
29.9467 0 1.0000 0 1.0000 1073 1214488 1000000.0000 640.0000 9.5032 0.0000 0 61.9329 1 28.5639 0 1.0000 0 1.0000 1074 1214489 1000000.0000 747.0000 0.0000 0.0000 0 64.9123 2 35.0877 0 1.0000 0 1.0000 1075 1214490 1000000.0000 740.0000 0.0000 0.0000 2 62.5000 0 37.5000 0 1.0000 0 1.0000 1076 1214491 1000000.0000 680.0000 0.0000 0.0000 0 77.2727 2 22.7273 0 1.0000 0 1.0000 1077 1214492 1000000.0000 540.0000 0.0000 0.0000 0 83.3333 2 16.6667 0 1.0000 0 1.0000 1078
1158 1215689 1000000.0000 518.0000 0.0000 0.0000 0 81.8182 2 18.1818 0 1.0000 0 1.0000 1159 1215690 1000000.0000 480.0000 0.0000 0.0000 0 83.3333 2 16.6667 0 1.0000 0 1.0000 1160 1215691 1000000.0000 600.0000 0.0000 0.0000 0 80.9524 2 19.0476 0 1.0000 0 1.0000 1161 1215692 1000000.0000 460.0000 0.0000 0.0000 0 83.1933 2 16.8067 0 1.0000 0 1.0000 1162 1215693 1000000.0000 380.0000 0.0000 0.0000 0 81.9820 2 18.0180 0 1.0000 0 1.0000 1163 1215694 1000000.0000 360.0000 0.0000 0.0000
0.0000 0 78.2136 1 21.7864 0 1.0000 0 1.0000 1244 1216890 1000000.0000 284.0000 0.0000 0.0000 0 78.9474 2 21.0526 0 1.0000 0 1.0000 1245 1216891 1000000.0000 360.0000 0.0000 0.0000 0 67.7419 2 32.2581 0 1.0000 0 1.0000 1246 1216892 1000000.0000 630.0000 0.0000 0.0000 0 77.0511 1 22.9489 0 1.0000 0 1.0000 1247 1216893 1000000.0000 727.0000 0.0000 0.0000 0 50.0000 2 50.0000 0 1.0000 0 1.0000 1248 1216894 1000000.0000 780.0000 0.0000 0.0000 2 51.7799 1 48.2201 0
0 1.0000 0 1.0000 1329 1218093 1000000.0000 860.0000 0.0000 0.0000 2 57.1429 0 42.8571 0 1.0000 0 1.0000 1330 1218094 1000000.0000 740.0000 0.0000 0.0000 2 80.0000 0 20.0000 0 1.0000 0 1.0000 1331 1218095 1000000.0000 807.0000 0.0000 0.0000 2 82.9016 1 17.0984 0 1.0000 0 1.0000 1332 1218096 1000000.0000 850.0000 0.0000 0.0000 2 82.9016 1 17.0984 0 1.0000 0 1.0000 1333 1218097 1000000.0000 840.0000 0.0000 0.0000 2 83.1169 1 16.8831 0 1.0000 0 1.0000 1334 1218098
1219294 1000000.0000 850.0000 0.0000 0.0000 2 96.9697 1 3.0303 0 1.0000 0 1.0000 1415 1219295 1000000.0000 880.0000 0.0000 0.0000 2 86.7209 1 13.2791 0 1.0000 0 1.0000 1416 1219296 1000000.0000 920.0000 0.0000 0.0000 2 98.1595 1 1.8405 0 1.0000 0 1.0000 1417 1219297 1000000.0000 1057.0000 7.7670 0.0000 2 77.6699 1 14.5631 0 1.0000 0 1.0000 1418 1219298 1000000.0000 1083.0000 0.0000 0.0000 2 88.8889 1 11.1111 0 1.0000 0 1.0000 1419 1219299 1000000.0000 1118.0000 20.0000 0.0000 2
2 93.2945 1 6.7055 0 1.0000 0 1.0000 1500 1220492 1000000.0000 1050.0000 0.0000 0.0000 2 83.1169 1 16.8831 0 1.0000 0 1.0000 1501 1220493 1000000.0000 1020.0000 0.0000 0.0000 2 100.0000 1 0.0000 0 1.0000 0 1.0000 1502 1220494 1000000.0000 1054.0000 0.0000 0.0000 2 100.0000 1 0.0000 0 1.0000 0 1.0000 1503 1220495 1000000.0000 1015.0000 0.0000 0.0000 2 100.0000 1 0.0000 0 1.0000 0 1.0000 1504 1220496 1000000.0000 1071.0000 0.0000 0.0000 2 88.1543 1 11.8457 0 1.0000
1.0000 0 1.0000 1585 1221689 1000000.0000 968.0000 0.0000 0.0000 2 94.1176 1 5.8824 0 1.0000 0 1.0000 1586 1221690 1000000.0000 1040.0000 0.0000 0.0000 2 100.0000 1 0.0000 0 1.0000 0 1.0000 1587 1221691 1000000.0000 1140.0000 0.0000 0.0000 2 100.0000 1 0.0000 0 1.0000 0 1.0000 1588 1221692 1000000.0000 1220.0000 0.0000 0.0000 2 100.0000 1 0.0000 0 1.0000 0 1.0000 1589 1221693 1000000.0000 1190.0000 16.6667 0.0000 2 83.3333 1 0.0000 0 1.0000 0 1.0000 1590 1222806 1000000.0000
1000000.0000 613.0000 0.0000 0.0000 0 80.0000 1 20.0000 0 1.0000 0 1.0000 1671 1224011 1000000.0000 650.0000 0.0000 0.0000 0 73.9462 1 26.0538 0 1.0000 0 1.0000 1672 1224012 1000000.0000 715.0000 0.8333 0.0000 0 72.1212 1 27.0455 0 1.0000 0 1.0000 1673 1224013 1000000.0000 720.0000 0.0000 0.0000 0 79.1667 2 20.8333 0 1.0000 0 1.0000 1674 1224014 1000000.0000 630.0000 0.0000 0.0000 0 81.4815 2 18.5185 0 1.0000 0 1.0000 1675 1224015 1000000.0000 657.0000 7.4031 0.0000 1 52.1174
66.5635 0 33.4365 0 1.0000 0 1.0000 1756 1225211 1000000.0000 700.0000 0.0000 0.0000 0 60.4353 1 39.5647 0 1.0000 0 1.0000 1757 1225212 1000000.0000 635.0000 0.0000 0.0000 0 67.3813 1 32.6187 0 1.0000 0 1.0000 1758 1225213 1000000.0000 660.0000 0.0000 0.0000 0 70.2904 1 29.7096 0 1.0000 0 1.0000 1759 1225214 1000000.0000 680.0000 0.0000 0.0000 0 78.9744 1 21.0256 0 1.0000 0 1.0000 1760 1225215 1000000.0000 700.0000 0.0000 0.0000 0 77.5225 1 22.4775 0 1.0000 0
0 1.0000 1841 1226411 1000000.0000 700.0000 0.0000 0.0000 0 66.3946 1 33.6054 0 1.0000 0 1.0000 1842 1226412 1000000.0000 640.0000 0.0000 0.0000 0 77.1323 1 22.8677 0 1.0000 0 1.0000 1843 1226413 1000000.0000 609.0000 0.0000 0.0000 0 79.1667 2 20.8333 0 1.0000 0 1.0000 1844 1226414 1000000.0000 615.0000 0.0000 0.0000 0 64.6240 1 35.3760 0 1.0000 0 1.0000 1845 1226415 1000000.0000 669.0000 0.0000 0.0000 0 81.4815 2 18.5185 0 1.0000 0 1.0000 1846 1226416 1000000.0000 640.0000
708.0000 0.0000 0.0000 0 63.8037 1 36.1963 0 1.0000 0 1.0000 1927 1227612 1000000.0000 640.0000 0.0000 0.0000 0 71.0258 1 28.9742 0 1.0000 0 1.0000 1928 1227613 1000000.0000 600.0000 0.0000 0.0000 0 83.3333 2 16.6667 0 1.0000 0 1.0000 1929 1227614 1000000.0000 580.0000 0.0000 0.0000 0 83.1933 2 16.8067 0 1.0000 0 1.0000 1930 1227615 1000000.0000 588.0000 0.0000 0.0000 0 81.9820 2 18.0180 0 1.0000 0 1.0000 1931 1227616 1000000.0000 640.0000 0.0000 0.0000 0 82.6087 2
1 19.6842 0 1.0000 0 1.0000 2012 1228812 1000000.0000 820.0000 0.0000 0.0000 0 78.9474 2 21.0526 0 1.0000 0 1.0000 2013 1228813 1000000.0000 900.0000 0.0000 0.0000 2 60.4915 1 39.5085 0 1.0000 0 1.0000 2014 1228814 1000000.0000 940.0000 0.0000 0.0000 2 75.4717 1 24.5283 0 1.0000 0 1.0000 2015 1228815 1000000.0000 960.0000 49.2940 0.0000 2 41.0783 1 9.6277 0 1.0000 0 1.0000 2016 1228816 1000000.0000 960.0000 0.0000 0.0000 2 67.2269 1 32.7731 0 1.0000 0 1.0000
1.0000 2097 1230013 1000000.0000 1068.0000 0.0000 0.0000 2 79.8005 1 20.1995 0 1.0000 0 1.0000 2098 1230014 1000000.0000 1060.0000 0.0000 0.0000 2 93.0233 1 6.9767 0 1.0000 0 1.0000 2099 1230015 1000000.0000 920.0000 7.6555 0.0000 2 51.0367 1 41.3078 0 1.0000 0 1.0000 2100 1230016 1000000.0000 905.0000 25.1429 0.0000 2 45.7143 1 29.1429 0 1.0000 0 1.0000 2101 1230017 1000000.0000 900.0000 0.0000 0.0000 0 59.1837 2 40.8163 0 1.0000 0 1.0000 2102 1230018 1000000.0000 840.0000 0.0000
0.0000 0.0000 0 67.4330 1 32.5670 0 1.0000 0 1.0000 2183 1231214 1000000.0000 880.0000 2.4615 0.0000 2 53.2633 1 44.2751 0 1.0000 0 1.0000 2184 1231215 1000000.0000 880.0000 0.0000 0.0000 2 60.6061 1 39.3939 0 1.0000 0 1.0000 2185 1231216 1000000.0000 840.0000 0.0000 0.0000 1 59.1315 2 40.8685 0 1.0000 0 1.0000 2186 1231217 1000000.0000 880.0000 0.0000 0.0000 2 88.8889 1 11.1111 0 1.0000 0 1.0000 2187 1231218 1000000.0000 1040.0000 0.0000 0.0000 2 84.8806 1 15.1194
37.2549 0 1.0000 0 1.0000 2268 1232414 1000000.0000 1060.0000 0.0000 0.0000 2 68.5225 1 31.4775 0 1.0000 0 1.0000 2269 1232415 1000000.0000 1080.0000 0.0000 0.0000 2 87.1935 1 12.8065 0 1.0000 0 1.0000 2270 1232416 1000000.0000 940.0000 0.0000 0.0000 2 64.3863 1 35.6137 0 1.0000 0 1.0000 2271 1232417 1000000.0000 970.0000 0.0000 0.0000 2 83.9895 1 16.0105 0 1.0000 0 1.0000 2272 1232418 1000000.0000 1050.0000 0.0000 0.0000 2 95.2381 1 4.7619 0 1.0000 0 1.0000 2273
2353 1233616 1000000.0000 811.0000 16.3432 0.0000 1 44.9156 2 38.7412 0 1.0000 0 1.0000 2354 1233617 1000000.0000 807.0000 0.0000 0.0000 2 52.0325 1 47.9675 0 1.0000 0 1.0000 2355 1233618 1000000.0000 700.0000 0.0000 0.0000 0 67.9537 1 32.0463 0 1.0000 0 1.0000 2356 1233619 1000000.0000 700.0000 0.0000 0.0000 0 71.0023 1 28.9977 0 1.0000 0 1.0000 2357 1233620 1000000.0000 730.0000 0.0000 0.0000 0 72.9730 2 27.0270 0 1.0000 0 1.0000 2358 1233621 1000000.0000 820.0000 0.0000 0.0000
0.0000 2 94.6746 1 5.3254 0 1.0000 0 1.0000 2439 1234819 1000000.0000 920.0000 0.0000 0.0000 2 87.6712 1 12.3288 0 1.0000 0 1.0000 2440 1234820 1000000.0000 910.0000 0.0000 0.0000 2 91.6905 1 8.3095 0 1.0000 0 1.0000 2441 1234821 1000000.0000 787.0000 0.0000 0.0000 2 53.6013 1 46.3987 0 1.0000 0 1.0000 2442 1234822 1000000.0000 713.0000 0.0000 0.0000 0 82.6087 2 17.3913 0 1.0000 0 1.0000 2443 1234823 1000000.0000 620.0000 0.0000 0.0000 0 78.4946 2 21.5054 0
0 1.0000 0 1.0000 2524 1236021 1000000.0000 720.0000 0.0000 0.0000 0 72.2222 2 27.7778 0 1.0000 0 1.0000 2525 1236022 1000000.0000 720.0000 0.0000 0.0000 0 79.3814 2 20.6186 0 1.0000 0 1.0000 2526 1236023 1000000.0000 675.0000 0.0000 0.0000 0 72.4573 1 27.5427 0 1.0000 0 1.0000 2527 1236024 1000000.0000 800.0000 0.0000 0.0000 0 60.7843 2 39.2157 0 1.0000 0 1.0000 2528 1236025 1000000.0000 930.0000 0.0000 0.0000 2 97.2644 1 2.7356 0 1.0000 0 1.0000 2529 1236026
1237226 1000000.0000 1060.0000 9.0909 0.0000 2 90.9091 1 0.0000 0 1.0000 0 1.0000 2610 1237227 1000000.0000 990.0000 15.9601 0.0000 2 79.8005 1 4.2394 0 1.0000 0 1.0000 2611 1237228 1000000.0000 920.0000 4.6377 0.0000 2 92.7536 1 2.6087 0 1.0000 0 1.0000 2612 1237229 1000000.0000 900.0000 40.7273 0.0000 2 58.1818 1 1.0909 0 1.0000 0 1.0000 2613 1237230 1000000.0000 840.0000 32.8542 0.0000 2 65.7084 1 1.4374 0 1.0000 0 1.0000 2614 1237231 1000000.0000 880.0000 0.0000 0.0000 2
2 50.1567 1 49.8433 0 1.0000 0 1.0000 2695 1239555 1000000.0000 960.0000 0.0000 0.0000 2 79.0123 1 20.9877 0 1.0000 0 1.0000 2696 1239556 1000000.0000 1020.0000 0.0000 0.0000 2 87.1935 1 12.8065 0 1.0000 0 1.0000 2697 1239557 1000000.0000 980.0000 0.0000 0.0000 2 75.6501 1 24.3499 0 1.0000 0 1.0000 2698 1239558 1000000.0000 940.0000 0.0000 0.0000 0 51.2195 2 48.7805 0 1.0000 0 1.0000 2699 1239559 1000000.0000 760.0000 0.0000 0.0000 0 82.6087 2 17.3913 0 1.0000
1.0000 0 1.0000 2780 1240774 1000000.0000 980.0000 7.2562 0.0000 2 72.5624 1 20.1814 0 1.0000 0 1.0000 2781 1240775 1000000.0000 1000.0000 0.0000 0.0000 2 58.2878 1 41.7122 0 1.0000 0 1.0000 2782 1240776 1000000.0000 960.0000 0.0000 0.0000 2 69.5652 1 30.4348 0 1.0000 0 1.0000 2783 1240777 1000000.0000 885.0000 0.0000 0.0000 2 57.6577 1 42.3423 0 1.0000 0 1.0000 2784 1240778 1000000.0000 880.0000 7.8624 0.0000 0 60.9045 2 31.2331 0 1.0000 0 1.0000 2785 1240779 1000000.0000
