Hbv_Gaulfoss_grid_grid_Norway/hbv_landscape.txt
ncols         1195
nrows         1550
xllcorner     -75000
yllcorner     6.45e+06
cellsize      1000
NODATA_value  -9999
[rows 0 to 32 of 36, columns 608 to 683 of 1195]
1.0000 43 1191749 1000000.0000 340.0000 1.9453 0.0000 2 95.3191 1 2.7356 0 1.0000 0 1.0000 44 1191750 1000000.0000 60.0000 0.0000 0.0000 0 53.0000 2 47.0000 0 1.0000 0 1.0000 45 1191751 1000000.0000 137.0000 0.0000 0.0000 2 75.7098 0 24.2902 0 1.0000 0 1.0000 46 1191752 1000000.0000 330.0000 0.0000 0.0000 2 98.7045 1 1.2955 0 1.0000 0 1.0000 47 1191753 1000000.0000 400.0000 0.0000 0.0000 2 91.9540 1 8.0460 0 1.0000 0 1.0000 48 1191754 1000000.0000 440.0000 0.8342
0.0000 0.0000 2 50.0000 3 50.0000 0 1.0000 0 1.0000 129 1196530 1000000.0000 242.0000 0.0000 0.0000 2 95.0192 0 4.9808 0 1.0000 0 1.0000 130 1196531 1000000.0000 100.0000 0.0000 0.0000 0 88.8608 2 11.1392 0 1.0000 0 1.0000 131 1196532 1000000.0000 160.0000 0.0000 0.0000 0 61.0000 2 39.0000 0 1.0000 0 1.0000 132 1196533 1000000.0000 260.0000 0.0000 0.0000 2 94.2966 1 5.7034 0 1.0000 0 1.0000 133 1196534 1000000.0000 350.0000 0.0000 0.0000 2 87.9121 1 12.0879
31.3225 0 1.0000 0 1.0000 214 1198932 1000000.0000 500.0000 0.0000 0.0000 2 71.0059 1 28.9941 0 1.0000 0 1.0000 215 1198933 1000000.0000 590.0000 0.0000 0.0000 1 84.8214 0 15.1786 0 1.0000 0 1.0000 216 1198934 1000000.0000 650.0000 0.0000 0.0000 1 63.7173 4 36.2827 0 1.0000 0 1.0000 217 1198935 1000000.0000 620.0000 0.0000 0.0000 1 72.8673 3 27.1327 0 1.0000 0 1.0000 218 1198936 1000000.0000 590.0000 0.0000 0.0000 1 55.0272 0 44.9728 0 1.0000 0 1.0000 219
299 1201327 1000000.0000 580.0000 0.0000 0.0000 1 63.8126 2 36.1874 0 1.0000 0 1.0000 300 1201328 1000000.0000 680.0000 0.0000 0.0000 1 76.1873 4 23.8127 0 1.0000 0 1.0000 301 1201329 1000000.0000 580.0000 0.0000 0.0000 1 66.0625 0 33.9375 0 1.0000 0 1.0000 302 1201330 1000000.0000 565.0000 0.0000 0.0000 1 80.1875 0 19.8125 0 1.0000 0 1.0000 303 1201331 1000000.0000 580.0000 11.0000 0.0000 1 63.6875 0 25.3125 0 1.0000 0 1.0000 304 1201332 1000000.0000 590.0000 0.0000 0.0000
0.0000 2 57.7049 1 42.2951 0 1.0000 0 1.0000 385 1203703 1000000.0000 640.0000 0.0000 0.0000 2 50.0000 3 50.0000 0 1.0000 0 1.0000 386 1203704 1000000.0000 580.0000 0.0000 0.0000 2 80.0000 3 20.0000 0 1.0000 0 1.0000 387 1203705 1000000.0000 660.0000 3.6199 0.0000 2 48.1900 3 48.1900 0 1.0000 0 1.0000 388 1203706 1000000.0000 680.0000 0.0000 0.0000 3 78.9702 4 21.0298 0 1.0000 0 1.0000 389 1203707 1000000.0000 556.0000 0.0000 0.0000 2 69.7674 1 30.2326 0
0 1.0000 0 1.0000 470 1204925 1000000.0000 453.0000 0.0000 0.0000 1 54.4761 2 45.5239 0 1.0000 0 1.0000 471 1204926 1000000.0000 460.0000 0.0000 0.0000 2 70.4470 1 29.5530 0 1.0000 0 1.0000 472 1204927 1000000.0000 511.0000 0.0000 0.0000 2 71.1340 1 28.8660 0 1.0000 0 1.0000 473 1204928 1000000.0000 540.0000 0.0000 0.0000 2 80.0000 3 20.0000 0 1.0000 0 1.0000 474 1204929 1000000.0000 660.0000 0.0000 0.0000 3 55.7537 1 44.2463 0 1.0000 0 1.0000 475 1204930
1206142 1000000.0000 872.0000 2.0000 0.0000 4 49.0000 5 49.0000 0 1.0000 0 1.0000 556 1206143 1000000.0000 860.0000 12.0000 0.0000 4 44.0000 5 44.0000 0 1.0000 0 1.0000 557 1206144 1000000.0000 887.0000 0.0000 0.0000 4 50.0000 5 50.0000 0 1.0000 0 1.0000 558 1207268 1000000.0000 1200.0000 0.0000 0.0000 5 99.5000 1 0.5000 0 1.0000 0 1.0000 559 1207269 1000000.0000 1093.0000 0.0000 0.0000 5 95.7500 1 4.2500 0 1.0000 0 1.0000 560 1207271 1000000.0000 1040.0000 0.0000 0.0000 5
1 60.9012 0 39.0988 0 1.0000 0 1.0000 641 1208474 1000000.0000 540.0000 0.0000 0.0000 2 51.2504 1 48.7496 0 1.0000 0 1.0000 642 1208475 1000000.0000 380.0000 0.0000 0.0000 2 62.5868 0 37.4132 0 1.0000 0 1.0000 643 1208476 1000000.0000 310.0000 0.0000 0.0000 0 98.0000 2 2.0000 0 1.0000 0 1.0000 644 1208477 1000000.0000 455.0000 0.0000 0.0000 0 55.4148 2 44.5852 0 1.0000 0 1.0000 645 1208478 1000000.0000 560.0000 0.0000 0.0000 2 62.1849 1 37.8151 0 1.0000
1.0000 0 1.0000 726 1209677 1000000.0000 520.0000 0.0000 0.0000 2 93.2826 1 6.7174 0 1.0000 0 1.0000 727 1209678 1000000.0000 400.0000 0.0000 0.0000 2 78.1994 0 21.8006 0 1.0000 0 1.0000 728 1209679 1000000.0000 600.0000 0.0000 0.0000 2 90.6063 1 9.3937 0 1.0000 0 1.0000 729 1209680 1000000.0000 692.0000 0.0000 0.0000 3 88.3969 4 11.6031 0 1.0000 0 1.0000 730 1209681 1000000.0000 728.0000 0.0000 0.0000 3 82.3009 1 17.6991 0 1.0000 0 1.0000 731 1209682 1000000.0000
1000000.0000 540.0000 0.0000 0.0000 2 76.1347 1 23.8653 0 1.0000 0 1.0000 812 1210880 1000000.0000 420.0000 0.0000 0.0000 2 75.6144 0 24.3856 0 1.0000 0 1.0000 813 1210881 1000000.0000 520.0000 0.0000 0.0000 2 86.3753 1 13.6247 0 1.0000 0 1.0000 814 1210882 1000000.0000 660.0000 0.0000 0.0000 3 88.9870 4 11.0130 0 1.0000 0 1.0000 815 1210883 1000000.0000 650.0000 0.9417 0.0000 2 79.2466 3 19.8117 0 1.0000 0 1.0000 816 1210884 1000000.0000 580.0000 8.0000 0.0000 1 47.6181
61.4751 1 35.5546 0 1.0000 0 1.0000 897 1212080 1000000.0000 660.0000 0.0000 0.0000 2 72.8307 1 27.1693 0 1.0000 0 1.0000 898 1212081 1000000.0000 628.0000 0.0000 0.0000 2 92.0000 0 8.0000 0 1.0000 0 1.0000 899 1212082 1000000.0000 540.0000 0.0000 0.0000 2 98.7654 1 1.2346 0 1.0000 0 1.0000 900 1212083 1000000.0000 472.0000 0.0000 0.0000 2 99.1326 1 0.8674 0 1.0000 0 1.0000 901 1212084 1000000.0000 200.0000 0.0000 0.0000 2 51.0000 0 49.0000 0 1.0000 0
0 1.0000 982 1213281 1000000.0000 370.0000 0.0000 0.0000 2 94.3590 0 5.6410 0 1.0000 0 1.0000 983 1213282 1000000.0000 420.0000 0.0000 0.0000 2 86.4865 0 13.5135 0 1.0000 0 1.0000 984 1213283 1000000.0000 580.0000 0.0000 0.0000 2 84.5606 1 15.4394 0 1.0000 0 1.0000 985 1213284 1000000.0000 596.0000 0.0000 0.0000 1 54.9296 2 45.0704 0 1.0000 0 1.0000 986 1213285 1000000.0000 640.0000 0.0000 0.0000 2 55.2518 1 44.7482 0 1.0000 0 1.0000 987 1213286 1000000.0000 555.0000
600.0000 0.0000 0.0000 2 76.0787 1 23.9213 0 1.0000 0 1.0000 1068 1214483 1000000.0000 617.0000 0.0000 0.0000 2 55.9767 1 44.0233 0 1.0000 0 1.0000 1069 1214484 1000000.0000 620.0000 0.0000 0.0000 1 60.0832 2 39.9168 0 1.0000 0 1.0000 1070 1214485 1000000.0000 650.0000 0.0000 0.0000 1 75.0000 3 25.0000 0 1.0000 0 1.0000 1071 1214486 1000000.0000 690.0000 0.0000 0.0000 3 60.3659 1 39.6341 0 1.0000 0 1.0000 1072 1214487 1000000.0000 633.0000 21.0000 0.0000 3 50.7541 1
1 8.0460 0 1.0000 0 1.0000 1153 1215684 1000000.0000 780.0000 0.0000 0.0000 4 53.4256 3 46.5744 0 1.0000 0 1.0000 1154 1215685 1000000.0000 800.0000 0.0000 0.0000 4 50.0000 5 50.0000 0 1.0000 0 1.0000 1155 1215686 1000000.0000 750.0000 0.0000 0.0000 4 69.8045 3 30.1955 0 1.0000 0 1.0000 1156 1215687 1000000.0000 627.0000 0.0000 0.0000 2 50.0000 3 50.0000 0 1.0000 0 1.0000 1157 1215688 1000000.0000 570.0000 0.0000 0.0000 2 80.0000 3 20.0000 0 1.0000 0 1.0000
1.0000 1238 1216884 1000000.0000 580.0000 0.0000 0.0000 2 80.0000 3 20.0000 0 1.0000 0 1.0000 1239 1216885 1000000.0000 560.0000 0.0000 0.0000 2 80.0000 3 20.0000 0 1.0000 0 1.0000 1240 1216886 1000000.0000 720.0000 0.0000 0.0000 4 60.2444 3 39.7556 0 1.0000 0 1.0000 1241 1216887 1000000.0000 576.0000 0.0000 0.0000 2 57.1793 0 42.8207 0 1.0000 0 1.0000 1242 1216888 1000000.0000 420.0000 0.0000 0.0000 2 94.2308 1 5.7692 0 1.0000 0 1.0000 1243 1216889 1000000.0000 430.0000 0.0000
0.0000 0.0000 2 98.0000 0 2.0000 0 1.0000 0 1.0000 1324 1218088 1000000.0000 610.0000 0.0000 0.0000 2 77.1574 1 22.8426 0 1.0000 0 1.0000 1325 1218089 1000000.0000 680.0000 0.0000 0.0000 1 50.8274 4 49.1726 0 1.0000 0 1.0000 1326 1218090 1000000.0000 736.0000 0.0000 0.0000 4 80.0000 3 20.0000 0 1.0000 0 1.0000 1327 1218091 1000000.0000 830.0000 0.0000 0.0000 4 80.0000 3 20.0000 0 1.0000 0 1.0000 1328 1218092 1000000.0000 905.0000 0.0000 0.0000 4 50.0000 5 50.0000
50.0000 0 1.0000 0 1.0000 1409 1219289 1000000.0000 847.0000 0.0000 0.0000 4 80.0000 3 20.0000 0 1.0000 0 1.0000 1410 1219290 1000000.0000 820.0000 9.0000 0.0000 4 72.8000 3 18.2000 0 1.0000 0 1.0000 1411 1219291 1000000.0000 890.0000 2.0000 0.0000 4 78.4000 3 19.6000 0 1.0000 0 1.0000 1412 1219292 1000000.0000 893.0000 3.0000 0.0000 4 77.6000 3 19.4000 0 1.0000 0 1.0000 1413 1219293 1000000.0000 942.0000 0.0000 0.0000 4 50.0000 5 50.0000 0 1.0000 0 1.0000 1414
1494 1220486 1000000.0000 883.0000 0.0000 0.0000 4 80.0000 3 20.0000 0 1.0000 0 1.0000 1495 1220487 1000000.0000 926.0000 0.0000 0.0000 4 50.0000 5 50.0000 0 1.0000 0 1.0000 1496 1220488 1000000.0000 923.0000 0.0000 0.0000 4 50.0000 5 50.0000 0 1.0000 0 1.0000 1497 1220489 1000000.0000 920.0000 4.0000 0.0000 4 76.8000 3 19.2000 0 1.0000 0 1.0000 1498 1220490 1000000.0000 840.0000 31.0000 0.0000 4 55.2000 3 13.8000 0 1.0000 0 1.0000 1499 1220491 1000000.0000 930.0000 0.0000 0.0000
0.0000 4 80.0000 3 20.0000 0 1.0000 0 1.0000 1580 1221684 1000000.0000 880.0000 0.0000 0.0000 4 80.0000 3 20.0000 0 1.0000 0 1.0000 1581 1221685 1000000.0000 860.0000 28.0000 0.0000 4 57.6000 3 14.4000 0 1.0000 0 1.0000 1582 1221686 1000000.0000 860.0000 2.0000 0.0000 4 78.4000 3 19.6000 0 1.0000 0 1.0000 1583 1221687 1000000.0000 960.0000 0.0000 0.0000 4 50.0000 5 50.0000 0 1.0000 0 1.0000 1584 1221688 1000000.0000 953.0000 0.0000 0.0000 4 80.0000 3 20.0000 0
0 1.0000 0 1.0000 1665 1222885 1000000.0000 1108.0000 0.0000 0.0000 5 100.0000 1 0.0000 0 1.0000 0 1.0000 1666 1222886 1000000.0000 1180.0000 0.0000 0.0000 5 100.0000 1 0.0000 0 1.0000 0 1.0000 1667 1222887 1000000.0000 1220.0000 0.0000 0.0000 5 100.0000 1 0.0000 0 1.0000 0 1.0000 1668 1222888 1000000.0000 1200.0000 0.0000 0.0000 5 100.0000 1 0.0000 0 1.0000 0 1.0000 1669 1224009 1000000.0000 642.0000 0.0000 0.0000 1 73.6322 2 26.3678 0 1.0000 0 1.0000 1670 1224010
1225205 1000000.0000 655.0000 0.0000 0.0000 2 53.6489 1 46.3511 0 1.0000 0 1.0000 1751 1225206 1000000.0000 660.0000 0.0000 0.0000 2 80.0000 3 20.0000 0 1.0000 0 1.0000 1752 1225207 1000000.0000 700.0000 1.0000 0.0000 3 49.7511 1 49.2489 0 1.0000 0 1.0000 1753 1225208 1000000.0000 746.0000 0.0000 0.0000 2 50.0000 3 50.0000 0 1.0000 0 1.0000 1754 1225209 1000000.0000 680.0000 0.0000 0.0000 2 75.1958 1 24.8042 0 1.0000 0 1.0000 1755 1225210 1000000.0000 680.0000 0.0000 0.0000 1
1 54.3974 3 45.6026 0 1.0000 0 1.0000 1836 1226406 1000000.0000 733.0000 0.0000 0.0000 3 55.1807 1 44.8193 0 1.0000 0 1.0000 1837 1226407 1000000.0000 640.0000 0.0000 0.0000 2 51.1785 1 48.8215 0 1.0000 0 1.0000 1838 1226408 1000000.0000 680.0000 0.0000 0.0000 2 60.6713 1 39.3287 0 1.0000 0 1.0000 1839 1226409 1000000.0000 800.0000 0.0000 0.0000 3 70.3725 4 29.6275 0 1.0000 0 1.0000 1840 1226410 1000000.0000 790.0000 0.0000 0.0000 4 72.4804 3 27.5196 0 1.0000
1.0000 0 1.0000 1921 1227606 1000000.0000 720.0000 0.0000 0.0000 3 54.1456 4 45.8544 0 1.0000 0 1.0000 1922 1227607 1000000.0000 648.0000 0.0000 0.0000 2 82.2794 1 17.7206 0 1.0000 0 1.0000 1923 1227608 1000000.0000 667.0000 0.0000 0.0000 2 67.0450 1 32.9550 0 1.0000 0 1.0000 1924 1227609 1000000.0000 680.0000 0.0000 0.0000 2 74.3793 1 25.6207 0 1.0000 0 1.0000 1925 1227610 1000000.0000 690.0000 0.0000 0.0000 2 75.6899 1 24.3101 0 1.0000 0 1.0000 1926 1227611 1000000.0000
1000000.0000 770.0000 0.0000 0.0000 2 50.0000 3 50.0000 0 1.0000 0 1.0000 2007 1228807 1000000.0000 660.0000 0.0000 0.0000 2 77.9944 1 22.0056 0 1.0000 0 1.0000 2008 1228808 1000000.0000 640.0000 0.0000 0.0000 2 67.9089 1 32.0911 0 1.0000 0 1.0000 2009 1228809 1000000.0000 700.0000 0.0000 0.0000 2 55.3428 1 44.6572 0 1.0000 0 1.0000 2010 1228810 1000000.0000 650.0000 0.0000 0.0000 2 80.0000 3 20.0000 0 1.0000 0 1.0000 2011 1228811 1000000.0000 600.0000 0.0000 0.0000 2 80.3158
80.0000 3 20.0000 0 1.0000 0 1.0000 2092 1230008 1000000.0000 744.0000 0.0000 0.0000 3 89.4304 1 10.5696 0 1.0000 0 1.0000 2093 1230009 1000000.0000 850.0000 0.0000 0.0000 3 69.2985 4 30.7015 0 1.0000 0 1.0000 2094 1230010 1000000.0000 940.0000 0.0000 0.0000 4 50.0000 5 50.0000 0 1.0000 0 1.0000 2095 1230011 1000000.0000 990.0000 0.0000 0.0000 4 50.0000 5 50.0000 0 1.0000 0 1.0000 2096 1230012 1000000.0000 1058.0000 3.0000 0.0000 5 86.4375 1 10.5625 0 1.0000 0
0 1.0000 2177 1231208 1000000.0000 1066.0000 0.0000 0.0000 5 99.0625 1 0.9375 0 1.0000 0 1.0000 2178 1231209 1000000.0000 930.0000 0.0000 0.0000 4 70.5190 1 29.4810 0 1.0000 0 1.0000 2179 1231210 1000000.0000 960.0000 2.0000 0.0000 4 49.0000 5 49.0000 0 1.0000 0 1.0000 2180 1231211 1000000.0000 960.0000 0.0000 0.0000 4 50.0000 5 50.0000 0 1.0000 0 1.0000 2181 1231212 1000000.0000 850.0000 0.0000 0.0000 4 59.2753 3 40.7247 0 1.0000 0 1.0000 2182 1231213 1000000.0000 800.0000
845.0000 0.0000 0.0000 3 53.8770 4 46.1230 0 1.0000 0 1.0000 2263 1232409 1000000.0000 860.0000 0.0000 0.0000 4 74.5992 3 25.4008 0 1.0000 0 1.0000 2264 1232410 1000000.0000 890.0000 0.0000 0.0000 4 76.7580 1 23.2420 0 1.0000 0 1.0000 2265 1232411 1000000.0000 840.0000 0.0000 0.0000 1 55.6790 4 44.3210 0 1.0000 0 1.0000 2266 1232412 1000000.0000 920.0000 0.0000 0.0000 4 76.7839 3 23.2161 0 1.0000 0 1.0000 2267 1232413 1000000.0000 1080.0000 0.0000 0.0000 4 50.0000 5
5 50.0000 0 1.0000 0 1.0000 2348 1233611 1000000.0000 960.0000 0.0000 0.0000 4 80.0000 3 20.0000 0 1.0000 0 1.0000 2349 1233612 1000000.0000 840.0000 0.0000 0.0000 4 80.0000 3 20.0000 0 1.0000 0 1.0000 2350 1233613 1000000.0000 870.0000 0.0000 0.0000 4 79.4007 1 20.5993 0 1.0000 0 1.0000 2351 1233614 1000000.0000 873.0000 4.0000 0.0000 4 67.8015 3 28.1985 0 1.0000 0 1.0000 2352 1233615 1000000.0000 880.0000 10.0000 0.0000 4 57.2530 3 32.7470 0 1.0000 0 1.0000
1.0000 2433 1234813 1000000.0000 805.0000 0.0000 0.0000 3 60.8739 4 39.1261 0 1.0000 0 1.0000 2434 1234814 1000000.0000 680.0000 0.0000 0.0000 2 71.7172 1 28.2828 0 1.0000 0 1.0000 2435 1234815 1000000.0000 680.0000 0.0000 0.0000 2 60.3974 0 39.6026 0 1.0000 0 1.0000 2436 1234816 1000000.0000 820.0000 0.0000 0.0000 4 74.7755 3 25.2245 0 1.0000 0 1.0000 2437 1234817 1000000.0000 910.0000 0.0000 0.0000 4 80.0000 3 20.0000 0 1.0000 0 1.0000 2438 1234818 1000000.0000 940.0000 0.0000
0.0000 0.0000 4 80.0000 3 20.0000 0 1.0000 0 1.0000 2519 1236016 1000000.0000 790.0000 0.0000 0.0000 4 58.5475 3 41.4525 0 1.0000 0 1.0000 2520 1236017 1000000.0000 710.0000 0.0000 0.0000 2 75.3560 1 24.6440 0 1.0000 0 1.0000 2521 1236018 1000000.0000 613.0000 0.0000 0.0000 2 82.7988 0 17.2012 0 1.0000 0 1.0000 2522 1236019 1000000.0000 725.0000 0.0000 0.0000 2 58.3398 0 41.6602 0 1.0000 0 1.0000 2523 1236020 1000000.0000 780.0000 0.0000 0.0000 4 69.8923 3 30.1077
20.0000 0 1.0000 0 1.0000 2604 1237217 1000000.0000 796.0000 0.0000 0.0000 4 80.0000 3 20.0000 0 1.0000 0 1.0000 2605 1237218 1000000.0000 700.0000 0.0000 0.0000 2 78.2222 1 21.7778 0 1.0000 0 1.0000 2606 1237219 1000000.0000 800.0000 0.0000 0.0000 4 58.4657 3 41.5343 0 1.0000 0 1.0000 2607 1237220 1000000.0000 910.0000 0.0000 0.0000 4 80.0000 3 20.0000 0 1.0000 0 1.0000 2608 1237225 1000000.0000 1120.0000 0.0000 0.0000 5 99.6875 1 0.3125 0 1.0000 0 1.0000 2609
2689 1239549 1000000.0000 1080.0000 2.0000 0.0000 5 72.6250 1 25.3750 0 1.0000 0 1.0000 2690 1239550 1000000.0000 1200.0000 0.0000 0.0000 5 89.1250 1 10.8750 0 1.0000 0 1.0000 2691 1239551 1000000.0000 1167.0000 0.0000 0.0000 5 98.9375 1 1.0625 0 1.0000 0 1.0000 2692 1239552 1000000.0000 1080.0000 0.0000 0.0000 5 97.1875 1 2.8125 0 1.0000 0 1.0000 2693 1239553 1000000.0000 1000.0000 0.0000 0.0000 4 50.0000 5 50.0000 0 1.0000 0 1.0000 2694 1239554 1000000.0000 938.0000 0.0000 0.0000
0.0000 5 98.0000 1 0.0000 0 1.0000 0 1.0000 2775 1240769 1000000.0000 1130.0000 0.0000 0.0000 5 98.6250 1 1.3750 0 1.0000 0 1.0000 2776 1240770 1000000.0000 1060.0000 0.0000 0.0000 4 50.0000 5 50.0000 0 1.0000 0 1.0000 2777 1240771 1000000.0000 1000.0000 0.0000 0.0000 4 50.0000 5 50.0000 0 1.0000 0 1.0000 2778 1240772 1000000.0000 980.0000 0.0000 0.0000 4 80.0000 3 20.0000 0 1.0000 0 1.0000 2779 1240773 1000000.0000 940.0000 2.0000 0.0000 4 60.6852 1 37.3148 0
