Hbv_Gaulfoss_grid_grid_Norway/hbv_landscape.txt
ncols         1195
nrows         1550
xllcorner     -75000
yllcorner     6.45e+06
cellsize      1000
NODATA_value  -9999
[rows 0 to 32 of 36, columns 1064 to 1139 of 1195]
53.3981 2 46.6019 0 1.0000 0 1.0000 76 1192977 1000000.0000 549.0000 9.0000 0.0000 0 69.8073 1 21.1927 0 1.0000 0 1.0000 77 1192978 1000000.0000 560.0000 14.0000 0.0000 1 48.1172 2 37.8828 0 1.0000 0 1.0000 78 1194139 1000000.0000 520.0000 0.0000 0.0000 2 80.0000 3 20.0000 0 1.0000 0 1.0000 79 1194140 1000000.0000 400.0000 0.0000 0.0000 2 88.0088 1 11.9912 0 1.0000 0 1.0000 80 1194141 1000000.0000 140.0000 0.0000 0.0000 2 64.0000 0 36.0000 0 1.0000 0
0 1.0000 161 1197722 1000000.0000 560.0000 0.0000 0.0000 3 88.4920 4 11.5080 0 1.0000 0 1.0000 162 1197723 1000000.0000 440.0000 0.0000 0.0000 2 86.2155 1 13.7845 0 1.0000 0 1.0000 163 1197724 1000000.0000 250.0000 0.0000 0.0000 2 84.0506 0 15.9494 0 1.0000 0 1.0000 164 1197725 1000000.0000 80.0000 0.0000 0.0000 2 54.8223 0 45.1777 0 1.0000 0 1.0000 165 1197726 1000000.0000 80.0000 0.0000 0.0000 0 91.0000 2 9.0000 0 1.0000 0 1.0000 166 1197727 1000000.0000 82.0000
93.0000 0.0000 0.0000 2 60.0000 0 40.0000 0 1.0000 0 1.0000 247 1200121 1000000.0000 180.0000 0.0000 0.0000 2 68.0000 0 32.0000 0 1.0000 0 1.0000 248 1200122 1000000.0000 200.0000 0.0000 0.0000 2 71.6267 0 28.3733 0 1.0000 0 1.0000 249 1200123 1000000.0000 268.0000 0.0000 0.0000 2 63.9148 0 36.0852 0 1.0000 0 1.0000 250 1200124 1000000.0000 103.0000 0.0000 0.0000 2 61.0000 0 39.0000 0 1.0000 0 1.0000 251 1200125 1000000.0000 260.0000 0.0000 0.0000 2 92.8074 1
3 20.0000 0 1.0000 0 1.0000 332 1202509 1000000.0000 420.0000 0.0000 0.0000 2 89.8423 0 10.1577 0 1.0000 0 1.0000 333 1202510 1000000.0000 500.0000 0.0000 0.0000 2 93.9518 1 6.0482 0 1.0000 0 1.0000 334 1202511 1000000.0000 540.0000 0.0000 0.0000 2 79.2570 1 20.7430 0 1.0000 0 1.0000 335 1202512 1000000.0000 600.0000 0.0000 0.0000 2 50.0000 3 50.0000 0 1.0000 0 1.0000 336 1202513 1000000.0000 480.0000 0.0000 0.0000 2 88.4521 1 11.5479 0 1.0000 0 1.0000
1.0000 417 1203735 1000000.0000 790.0000 0.0000 0.0000 4 61.4024 3 38.5976 0 1.0000 0 1.0000 418 1203736 1000000.0000 780.0000 0.0000 0.0000 4 65.9250 3 34.0750 0 1.0000 0 1.0000 419 1203737 1000000.0000 728.0000 0.0000 0.0000 4 60.7312 3 39.2688 0 1.0000 0 1.0000 420 1203738 1000000.0000 740.0000 0.0000 0.0000 4 62.8256 3 37.1744 0 1.0000 0 1.0000 421 1203740 1000000.0000 660.0000 2.0000 0.0000 4 58.9930 3 39.0070 0 1.0000 0 1.0000 422 1203741 1000000.0000 615.0000 15.0000
0.0000 0.0000 2 86.9673 1 13.0327 0 1.0000 0 1.0000 503 1206090 1000000.0000 440.0000 0.0000 0.0000 2 84.6297 1 15.3703 0 1.0000 0 1.0000 504 1206091 1000000.0000 300.0000 0.0000 0.0000 2 84.9021 0 15.0979 0 1.0000 0 1.0000 505 1206092 1000000.0000 500.0000 15.7407 0.0000 2 76.8519 1 7.4074 0 1.0000 0 1.0000 506 1206093 1000000.0000 478.0000 51.0000 0.0000 2 33.7087 0 15.2913 0 1.0000 0 1.0000 507 1206094 1000000.0000 595.0000 0.0000 0.0000 2 72.3860 1 27.6140
10.8296 0 1.0000 0 1.0000 588 1207299 1000000.0000 400.0000 0.0000 0.0000 2 96.2868 1 3.7132 0 1.0000 0 1.0000 589 1207300 1000000.0000 291.0000 0.0000 0.0000 2 65.0000 0 35.0000 0 1.0000 0 1.0000 590 1207301 1000000.0000 196.0000 0.0000 0.0000 2 61.5385 0 38.4615 0 1.0000 0 1.0000 591 1207302 1000000.0000 580.0000 0.0000 0.0000 2 80.0000 3 20.0000 0 1.0000 0 1.0000 592 1207303 1000000.0000 660.0000 0.0000 0.0000 3 69.1915 1 30.8085 0 1.0000 0 1.0000 593
673 1208506 1000000.0000 360.0000 0.0000 0.0000 2 99.0099 1 0.9901 0 1.0000 0 1.0000 674 1208507 1000000.0000 280.0000 0.0000 0.0000 2 97.3111 0 2.6889 0 1.0000 0 1.0000 675 1208508 1000000.0000 220.0000 0.0000 0.0000 2 74.0000 0 26.0000 0 1.0000 0 1.0000 676 1208509 1000000.0000 247.0000 0.0000 0.0000 2 100.0000 1 0.0000 0 1.0000 0 1.0000 677 1208510 1000000.0000 240.0000 0.0000 0.0000 2 68.0000 0 32.0000 0 1.0000 0 1.0000 678 1208511 1000000.0000 289.0000 0.0000 0.0000
0.0000 2 74.2058 1 25.7942 0 1.0000 0 1.0000 759 1209710 1000000.0000 284.0000 0.0000 0.0000 2 83.9748 1 16.0252 0 1.0000 0 1.0000 760 1209711 1000000.0000 240.0000 0.0000 0.0000 2 79.0000 0 21.0000 0 1.0000 0 1.0000 761 1209712 1000000.0000 320.0000 0.0000 0.0000 2 72.0000 0 28.0000 0 1.0000 0 1.0000 762 1209713 1000000.0000 420.0000 0.0000 0.0000 2 82.2571 0 17.7429 0 1.0000 0 1.0000 763 1209714 1000000.0000 480.0000 0.0000 0.0000 2 92.3272 1 7.6728 0
0 1.0000 0 1.0000 844 1210912 1000000.0000 520.0000 0.0000 0.0000 2 80.6165 1 19.3835 0 1.0000 0 1.0000 845 1210913 1000000.0000 500.0000 0.0000 0.0000 2 88.1221 0 11.8779 0 1.0000 0 1.0000 846 1210914 1000000.0000 422.0000 0.0000 0.0000 2 95.3105 1 4.6895 0 1.0000 0 1.0000 847 1210915 1000000.0000 520.0000 0.0000 0.0000 2 84.8704 1 15.1296 0 1.0000 0 1.0000 848 1210916 1000000.0000 520.0000 0.0000 0.0000 2 97.5015 1 2.4985 0 1.0000 0 1.0000 849 1210917
1212112 1000000.0000 433.0000 0.0000 0.0000 2 57.7201 0 42.2799 0 1.0000 0 1.0000 930 1212113 1000000.0000 500.0000 0.0000 0.0000 2 81.2954 1 18.7046 0 1.0000 0 1.0000 931 1212114 1000000.0000 500.0000 0.0000 0.0000 2 75.0000 0 25.0000 0 1.0000 0 1.0000 932 1212115 1000000.0000 480.0000 0.0000 0.0000 0 63.4286 2 36.5714 0 1.0000 0 1.0000 933 1212116 1000000.0000 520.0000 0.0000 0.0000 0 63.8943 2 36.1057 0 1.0000 0 1.0000 934 1212117 1000000.0000 620.0000 0.0000 0.0000 2
2 69.6833 1 30.3167 0 1.0000 0 1.0000 1015 1213314 1000000.0000 670.0000 0.0000 0.0000 2 55.2661 1 44.7339 0 1.0000 0 1.0000 1016 1213315 1000000.0000 827.0000 0.0000 0.0000 4 68.5373 3 31.4627 0 1.0000 0 1.0000 1017 1213316 1000000.0000 950.0000 0.0000 0.0000 4 50.0000 5 50.0000 0 1.0000 0 1.0000 1018 1213317 1000000.0000 1020.0000 0.0000 0.0000 5 99.3125 1 0.6875 0 1.0000 0 1.0000 1019 1213318 1000000.0000 920.0000 0.0000 0.0000 4 50.0000 5 50.0000 0 1.0000
1.0000 0 1.0000 1100 1214515 1000000.0000 1020.0000 0.0000 0.0000 5 100.0000 1 0.0000 0 1.0000 0 1.0000 1101 1215632 1000000.0000 840.0000 0.0000 0.0000 4 50.0000 5 50.0000 0 1.0000 0 1.0000 1102 1215633 1000000.0000 660.0000 1.0000 0.0000 4 49.9774 3 49.0226 0 1.0000 0 1.0000 1103 1215634 1000000.0000 669.0000 4.0000 0.0000 3 68.7881 1 27.2119 0 1.0000 0 1.0000 1104 1215635 1000000.0000 652.0000 4.2895 0.0000 2 47.8552 3 47.8552 0 1.0000 0 1.0000 1105 1215636 1000000.0000
1000000.0000 660.0000 0.0000 0.0000 3 80.7797 1 19.2203 0 1.0000 0 1.0000 1186 1216832 1000000.0000 510.0000 0.0000 0.0000 2 90.9337 0 9.0663 0 1.0000 0 1.0000 1187 1216833 1000000.0000 520.0000 0.0000 0.0000 2 67.4330 0 32.5670 0 1.0000 0 1.0000 1188 1216834 1000000.0000 480.0000 0.0000 0.0000 2 93.2138 0 6.7862 0 1.0000 0 1.0000 1189 1216835 1000000.0000 400.0000 0.0000 0.0000 2 53.0000 0 47.0000 0 1.0000 0 1.0000 1190 1216836 1000000.0000 470.0000 0.0000 0.0000 2 80.4020
80.2632 1 19.7368 0 1.0000 0 1.0000 1271 1218035 1000000.0000 560.0000 0.0000 0.0000 2 64.6465 1 35.3535 0 1.0000 0 1.0000 1272 1218036 1000000.0000 545.0000 0.0000 0.0000 2 72.2640 1 27.7360 0 1.0000 0 1.0000 1273 1218037 1000000.0000 460.0000 0.0000 0.0000 2 92.4855 1 7.5145 0 1.0000 0 1.0000 1274 1218038 1000000.0000 490.0000 0.0000 0.0000 2 81.4582 0 18.5418 0 1.0000 0 1.0000 1275 1218039 1000000.0000 519.0000 0.0000 0.0000 2 91.7782 0 8.2218 0 1.0000 0
0 1.0000 1356 1219236 1000000.0000 680.0000 0.0000 0.0000 2 50.0000 3 50.0000 0 1.0000 0 1.0000 1357 1219237 1000000.0000 622.0000 3.9900 0.0000 2 53.6610 1 42.3490 0 1.0000 0 1.0000 1358 1219238 1000000.0000 621.0000 9.0000 0.0000 2 61.3053 1 29.6947 0 1.0000 0 1.0000 1359 1219239 1000000.0000 580.0000 0.0000 0.0000 2 85.2273 0 14.7727 0 1.0000 0 1.0000 1360 1219240 1000000.0000 612.0000 0.0000 0.0000 2 88.5375 1 11.4625 0 1.0000 0 1.0000 1361 1219241 1000000.0000 747.0000
628.0000 0.0000 0.0000 2 53.9326 1 46.0674 0 1.0000 0 1.0000 1442 1220434 1000000.0000 600.0000 0.0000 0.0000 2 87.3275 1 12.6725 0 1.0000 0 1.0000 1443 1220435 1000000.0000 630.0000 0.0000 0.0000 2 80.0000 3 20.0000 0 1.0000 0 1.0000 1444 1220436 1000000.0000 770.0000 0.0000 0.0000 3 73.7971 4 26.2029 0 1.0000 0 1.0000 1445 1220437 1000000.0000 760.0000 0.0000 0.0000 3 64.7914 4 35.2086 0 1.0000 0 1.0000 1446 1220438 1000000.0000 560.0000 0.0000 0.0000 2 73.3464 0
1 16.0424 0 1.0000 0 1.0000 1527 1221631 1000000.0000 800.0000 0.0000 0.0000 4 75.0291 3 24.9709 0 1.0000 0 1.0000 1528 1221632 1000000.0000 660.0000 0.0000 0.0000 2 90.6840 1 9.3160 0 1.0000 0 1.0000 1529 1221633 1000000.0000 533.0000 0.0000 0.0000 2 93.3068 1 6.6932 0 1.0000 0 1.0000 1530 1221634 1000000.0000 540.0000 0.0000 0.0000 2 74.3252 1 25.6748 0 1.0000 0 1.0000 1531 1221635 1000000.0000 580.0000 0.0000 0.0000 2 68.4950 1 31.5050 0 1.0000 0 1.0000
1.0000 1612 1222832 1000000.0000 500.0000 0.0000 0.0000 2 55.5205 0 44.4795 0 1.0000 0 1.0000 1613 1222833 1000000.0000 680.0000 0.0000 0.0000 2 72.8358 0 27.1642 0 1.0000 0 1.0000 1614 1222834 1000000.0000 780.0000 0.0000 0.0000 4 77.5146 3 22.4854 0 1.0000 0 1.0000 1615 1222835 1000000.0000 933.0000 0.0000 0.0000 4 50.0000 5 50.0000 0 1.0000 0 1.0000 1616 1222836 1000000.0000 970.0000 0.0000 0.0000 4 50.0000 5 50.0000 0 1.0000 0 1.0000 1617 1222837 1000000.0000 1030.0000 0.0000
0.0000 0.0000 4 67.6289 3 32.3711 0 1.0000 0 1.0000 1698 1224038 1000000.0000 973.0000 0.0000 0.0000 4 50.0000 5 50.0000 0 1.0000 0 1.0000 1699 1224039 1000000.0000 880.0000 0.0000 0.0000 4 53.3853 3 46.6147 0 1.0000 0 1.0000 1700 1224040 1000000.0000 636.0000 0.0000 0.0000 2 84.4327 1 15.5673 0 1.0000 0 1.0000 1701 1224041 1000000.0000 660.0000 0.0000 0.0000 2 76.9831 1 23.0169 0 1.0000 0 1.0000 1702 1224042 1000000.0000 890.0000 0.0000 0.0000 4 52.7318 3 47.2682
20.8477 0 1.0000 0 1.0000 1783 1225238 1000000.0000 940.0000 0.0000 0.0000 4 50.0000 5 50.0000 0 1.0000 0 1.0000 1784 1225239 1000000.0000 910.0000 0.0000 0.0000 4 80.0000 3 20.0000 0 1.0000 0 1.0000 1785 1225240 1000000.0000 935.0000 0.0000 0.0000 4 50.0000 5 50.0000 0 1.0000 0 1.0000 1786 1225241 1000000.0000 880.0000 0.0000 0.0000 4 80.0000 3 20.0000 0 1.0000 0 1.0000 1787 1225242 1000000.0000 860.0000 0.0000 0.0000 4 54.5371 3 45.4629 0 1.0000 0 1.0000 1788
1868 1226438 1000000.0000 800.0000 0.0000 0.0000 1 69.5453 4 30.4547 0 1.0000 0 1.0000 1869 1226439 1000000.0000 780.0000 0.0000 0.0000 1 51.0032 4 48.9968 0 1.0000 0 1.0000 1870 1226440 1000000.0000 760.0000 0.0000 0.0000 4 59.8584 3 40.1416 0 1.0000 0 1.0000 1871 1226441 1000000.0000 765.0000 0.0000 0.0000 4 61.8053 3 38.1947 0 1.0000 0 1.0000 1872 1226442 1000000.0000 780.0000 0.0000 0.0000 4 55.7838 3 44.2162 0 1.0000 0 1.0000 1873 1226443 1000000.0000 890.0000 0.0000 0.0000
0.0000 4 80.0000 3 20.0000 0 1.0000 0 1.0000 1954 1227639 1000000.0000 1120.0000 0.0000 0.0000 5 100.0000 1 0.0000 0 1.0000 0 1.0000 1955 1227640 1000000.0000 970.0000 0.0000 0.0000 4 50.0000 5 50.0000 0 1.0000 0 1.0000 1956 1227641 1000000.0000 960.0000 0.0000 0.0000 4 50.0000 5 50.0000 0 1.0000 0 1.0000 1957 1227642 1000000.0000 1000.0000 0.0000 0.0000 5 93.6250 1 6.3750 0 1.0000 0 1.0000 1958 1227643 1000000.0000 940.0000 0.0000 0.0000 4 50.0000 5 50.0000 0
0 1.0000 0 1.0000 2039 1228839 1000000.0000 680.0000 0.0000 0.0000 2 61.6333 0 38.3667 0 1.0000 0 1.0000 2040 1228840 1000000.0000 640.0000 0.0000 0.0000 2 60.6536 0 39.3464 0 1.0000 0 1.0000 2041 1228841 1000000.0000 640.0000 0.0000 0.0000 2 64.0413 0 35.9587 0 1.0000 0 1.0000 2042 1228842 1000000.0000 900.0000 0.0000 0.0000 4 53.6000 3 46.4000 0 1.0000 0 1.0000 2043 1228843 1000000.0000 840.0000 0.0000 0.0000 4 78.3980 3 21.6020 0 1.0000 0 1.0000 2044 1228844
1230040 1000000.0000 820.0000 0.0000 0.0000 4 80.0000 3 20.0000 0 1.0000 0 1.0000 2125 1230041 1000000.0000 720.0000 0.0000 0.0000 0 57.2360 2 42.7640 0 1.0000 0 1.0000 2126 1230042 1000000.0000 580.0000 0.0000 0.0000 2 92.3858 1 7.6142 0 1.0000 0 1.0000 2127 1230043 1000000.0000 420.0000 0.0000 0.0000 0 76.0000 2 24.0000 0 1.0000 0 1.0000 2128 1230044 1000000.0000 520.0000 0.0000 0.0000 2 65.4731 0 34.5269 0 1.0000 0 1.0000 2129 1230045 1000000.0000 610.0000 0.0000 0.0000 2
2 79.6974 0 20.3026 0 1.0000 0 1.0000 2210 1231241 1000000.0000 580.0000 0.0000 0.0000 2 92.7536 1 7.2464 0 1.0000 0 1.0000 2211 1231242 1000000.0000 660.0000 0.0000 0.0000 2 74.1390 1 25.8610 0 1.0000 0 1.0000 2212 1231243 1000000.0000 740.0000 0.0000 0.0000 2 63.4501 1 36.5499 0 1.0000 0 1.0000 2213 1231244 1000000.0000 700.0000 1.9014 0.0000 2 78.4789 3 19.6197 0 1.0000 0 1.0000 2214 1231245 1000000.0000 690.0000 0.0000 0.0000 2 84.0382 1 15.9618 0 1.0000
1.0000 0 1.0000 2295 1232441 1000000.0000 766.0000 0.0000 0.0000 2 55.6066 0 44.3934 0 1.0000 0 1.0000 2296 1232442 1000000.0000 830.0000 0.0000 0.0000 3 55.4851 4 44.5149 0 1.0000 0 1.0000 2297 1232443 1000000.0000 900.0000 0.0000 0.0000 4 79.1924 3 20.8076 0 1.0000 0 1.0000 2298 1232444 1000000.0000 900.0000 0.0000 0.0000 4 80.0000 3 20.0000 0 1.0000 0 1.0000 2299 1232445 1000000.0000 860.0000 0.0000 0.0000 4 80.0000 3 20.0000 0 1.0000 0 1.0000 2300 1232446 1000000.0000
1000000.0000 867.0000 2.0000 0.0000 4 78.4000 3 19.6000 0 1.0000 0 1.0000 2381 1233644 1000000.0000 900.0000 0.0000 0.0000 4 80.0000 3 20.0000 0 1.0000 0 1.0000 2382 1233645 1000000.0000 1010.0000 0.0000 0.0000 4 50.0000 5 50.0000 0 1.0000 0 1.0000 2383 1233646 1000000.0000 1031.0000 0.0000 0.0000 4 50.0000 5 50.0000 0 1.0000 0 1.0000 2384 1233647 1000000.0000 1029.0000 4.0000 0.0000 4 48.0000 5 48.0000 0 1.0000 0 1.0000 2385 1234765 1000000.0000 940.0000 5.0000 0.0000 4 47.5000
71.7677 1 28.2323 0 1.0000 0 1.0000 2466 1235963 1000000.0000 1010.0000 0.0000 0.0000 5 84.6250 1 15.3750 0 1.0000 0 1.0000 2467 1235964 1000000.0000 1100.0000 0.0000 0.0000 5 95.0000 1 5.0000 0 1.0000 0 1.0000 2468 1235965 1000000.0000 1050.0000 0.0000 0.0000 5 88.0625 1 11.9375 0 1.0000 0 1.0000 2469 1235966 1000000.0000 1053.0000 0.0000 0.0000 5 87.9375 1 12.0625 0 1.0000 0 1.0000 2470 1235967 1000000.0000 980.0000 0.0000 0.0000 4 50.0000 5 50.0000 0 1.0000 0
0 1.0000 2551 1237164 1000000.0000 964.0000 0.0000 0.0000 4 50.0000 5 50.0000 0 1.0000 0 1.0000 2552 1237165 1000000.0000 900.0000 0.0000 0.0000 4 80.0000 3 20.0000 0 1.0000 0 1.0000 2553 1237166 1000000.0000 800.0000 0.0000 0.0000 3 79.2383 1 20.7617 0 1.0000 0 1.0000 2554 1237167 1000000.0000 760.0000 0.0000 0.0000 1 67.2956 2 32.7044 0 1.0000 0 1.0000 2555 1237168 1000000.0000 760.0000 0.0000 0.0000 2 50.0000 3 50.0000 0 1.0000 0 1.0000 2556 1237169 1000000.0000 847.0000
1040.0000 13.0000 0.0000 5 54.5625 1 32.4375 0 1.0000 0 1.0000 2637 1238370 1000000.0000 1029.0000 5.0000 0.0000 5 62.2500 1 32.7500 0 1.0000 0 1.0000 2638 1238371 1000000.0000 1020.0000 0.0000 0.0000 4 50.0000 5 50.0000 0 1.0000 0 1.0000 2639 1238372 1000000.0000 860.0000 0.0000 0.0000 3 64.9123 4 35.0877 0 1.0000 0 1.0000 2640 1238373 1000000.0000 720.0000 0.0000 0.0000 2 80.0000 3 20.0000 0 1.0000 0 1.0000 2641 1238374 1000000.0000 720.0000 0.0000 0.0000 2 80.0000 3
3 20.0000 0 1.0000 0 1.0000 2722 1239582 1000000.0000 880.0000 0.0000 0.0000 4 78.3974 1 21.6026 0 1.0000 0 1.0000 2723 1239583 1000000.0000 880.0000 1.0000 0.0000 3 70.2409 4 28.7591 0 1.0000 0 1.0000 2724 1239584 1000000.0000 940.0000 0.0000 0.0000 4 77.4720 3 22.5280 0 1.0000 0 1.0000 2725 1239585 1000000.0000 820.0000 0.0000 0.0000 2 62.3782 1 37.6218 0 1.0000 0 1.0000 2726 1239586 1000000.0000 830.0000 0.0000 0.0000 3 67.0021 1 32.9979 0 1.0000 0 1.0000
1.0000 2807 1240813 1000000.0000 1005.0000 0.0000 0.0000 4 50.0000 5 50.0000 0 1.0000 0 1.0000 2808 1241939 1000000.0000 1080.0000 0.0000 0.0000 5 84.6250 1 15.3750 0 1.0000 0 1.0000 2809 1241940 1000000.0000 1180.0000 0.0000 0.0000 5 90.1875 1 9.8125 0 1.0000 0 1.0000 2810 1241941 1000000.0000 1180.0000 0.0000 0.0000 5 100.0000 1 0.0000 0 1.0000 0 1.0000 2811 1241942 1000000.0000 1123.0000 0.0000 0.0000 5 98.5625 1 1.4375 0 1.0000 0 1.0000 2812 1241943 1000000.0000 1000.0000 0.0000
