Hbv_Gaulfoss_grid_grid_Norway/hbv_landscape.txt
ncols         1195
nrows         1550
xllcorner     -75000
yllcorner     6.45e+06
cellsize      1000
NODATA_value  -9999
[rows 0 to 32 of 36, columns 532 to 607 of 1195]
79.9375 1 16.0625 0 1.0000 0 1.0000 38 1190581 1000000.0000 542.0000 36.0000 0.0000 0 56.9375 1 7.0625 0 1.0000 0 1.0000 39 1190582 1000000.0000 560.0000 12.0000 0.0000 0 70.1875 1 17.8125 0 1.0000 0 1.0000 40 1190583 1000000.0000 640.0000 0.0000 0.0000 4 80.0000 3 20.0000 0 1.0000 0 1.0000 41 1190584 1000000.0000 690.0000 0.0000 0.0000 4 80.0000 3 20.0000 0 1.0000 0 1.0000 42 1191748 1000000.0000 320.0000 0.0000 0.0000 2 93.8416 1 6.1584 0 1.0000 0
0 1.0000 123 1195365 1000000.0000 630.0000 0.0000 0.0000 3 57.0877 4 42.9123 0 1.0000 0 1.0000 124 1195366 1000000.0000 620.0000 0.0000 0.0000 3 52.5498 4 47.4502 0 1.0000 0 1.0000 125 1195367 1000000.0000 548.0000 7.0000 0.0000 1 61.1143 2 31.8857 0 1.0000 0 1.0000 126 1195368 1000000.0000 541.0000 41.0000 0.0000 2 29.8820 1 29.1180 0 1.0000 0 1.0000 127 1195369 1000000.0000 580.0000 0.0000 0.0000 3 71.0265 1 28.9735 0 1.0000 0 1.0000 128 1196529 1000000.0000 560.0000
330.0000 0.0000 0.0000 2 65.9369 0 34.0631 0 1.0000 0 1.0000 209 1198927 1000000.0000 280.0000 0.0000 0.0000 2 79.1376 0 20.8624 0 1.0000 0 1.0000 210 1198928 1000000.0000 355.0000 0.0000 0.0000 2 74.7947 0 25.2053 0 1.0000 0 1.0000 211 1198929 1000000.0000 300.0000 0.0000 0.0000 2 95.7678 1 4.2322 0 1.0000 0 1.0000 212 1198930 1000000.0000 420.0000 0.0000 0.0000 2 67.9100 1 32.0900 0 1.0000 0 1.0000 213 1198931 1000000.0000 440.0000 0.0000 0.0000 2 68.6775 1
1 9.3822 0 1.0000 0 1.0000 294 1201322 1000000.0000 380.0000 0.0000 0.0000 2 71.6883 1 28.3117 0 1.0000 0 1.0000 295 1201323 1000000.0000 380.0000 0.0000 0.0000 2 82.3762 1 17.6238 0 1.0000 0 1.0000 296 1201324 1000000.0000 500.0000 0.0000 0.0000 2 62.6042 1 37.3958 0 1.0000 0 1.0000 297 1201325 1000000.0000 540.0000 0.0000 0.0000 1 74.3750 0 25.6250 0 1.0000 0 1.0000 298 1201326 1000000.0000 560.0000 1.0000 0.0000 1 68.4025 0 30.5975 0 1.0000 0 1.0000
1.0000 379 1203697 1000000.0000 307.0000 0.0000 0.0000 0 50.0000 2 50.0000 0 1.0000 0 1.0000 380 1203698 1000000.0000 200.0000 0.0000 0.0000 2 64.0000 0 36.0000 0 1.0000 0 1.0000 381 1203699 1000000.0000 280.0000 0.0000 0.0000 2 71.0000 0 29.0000 0 1.0000 0 1.0000 382 1203700 1000000.0000 260.0000 0.0000 0.0000 2 81.4070 0 18.5930 0 1.0000 0 1.0000 383 1203701 1000000.0000 440.0000 0.0000 0.0000 2 91.1206 1 8.8794 0 1.0000 0 1.0000 384 1203702 1000000.0000 590.0000 0.0000
0.0000 0.0000 2 80.0000 3 20.0000 0 1.0000 0 1.0000 465 1204920 1000000.0000 680.0000 0.0000 0.0000 4 51.3372 3 48.6628 0 1.0000 0 1.0000 466 1204921 1000000.0000 700.0000 0.0000 0.0000 4 79.1623 3 20.8377 0 1.0000 0 1.0000 467 1204922 1000000.0000 530.0000 0.0000 0.0000 2 87.9006 1 12.0994 0 1.0000 0 1.0000 468 1204923 1000000.0000 463.0000 0.0000 0.0000 2 58.4574 1 41.5426 0 1.0000 0 1.0000 469 1204924 1000000.0000 430.0000 0.0000 0.0000 2 63.1835 1 36.8165
19.8000 0 1.0000 0 1.0000 550 1206137 1000000.0000 1000.0000 0.0000 0.0000 5 99.5625 1 0.4375 0 1.0000 0 1.0000 551 1206138 1000000.0000 1060.0000 0.0000 0.0000 5 100.0000 1 0.0000 0 1.0000 0 1.0000 552 1206139 1000000.0000 980.0000 0.0000 0.0000 5 99.7500 1 0.2500 0 1.0000 0 1.0000 553 1206140 1000000.0000 1000.0000 0.0000 0.0000 5 100.0000 1 0.0000 0 1.0000 0 1.0000 554 1206141 1000000.0000 880.0000 0.0000 0.0000 4 50.0000 5 50.0000 0 1.0000 0 1.0000 555
635 1208468 1000000.0000 660.0000 5.0000 0.0000 3 47.6629 4 47.3371 0 1.0000 0 1.0000 636 1208469 1000000.0000 567.0000 0.0000 0.0000 2 83.8292 1 16.1708 0 1.0000 0 1.0000 637 1208470 1000000.0000 647.0000 2.6215 0.0000 2 48.6892 3 48.6892 0 1.0000 0 1.0000 638 1208471 1000000.0000 592.0000 0.0000 0.0000 2 58.5366 1 41.4634 0 1.0000 0 1.0000 639 1208472 1000000.0000 555.0000 3.0000 0.0000 1 77.0213 0 19.9787 0 1.0000 0 1.0000 640 1208473 1000000.0000 527.0000 0.0000 0.0000
0.0000 0 56.0000 2 44.0000 0 1.0000 0 1.0000 721 1209672 1000000.0000 400.0000 0.0000 0.0000 0 91.8833 2 8.1167 0 1.0000 0 1.0000 722 1209673 1000000.0000 515.0000 0.0000 0.0000 2 63.5912 0 36.4088 0 1.0000 0 1.0000 723 1209674 1000000.0000 560.0000 0.0000 0.0000 1 51.6981 2 48.3019 0 1.0000 0 1.0000 724 1209675 1000000.0000 625.0000 0.0000 0.0000 3 70.4825 1 29.5175 0 1.0000 0 1.0000 725 1209676 1000000.0000 560.0000 0.0000 0.0000 2 80.0000 3 20.0000 0
0 1.0000 0 1.0000 806 1210874 1000000.0000 500.0000 0.0000 0.0000 2 72.6780 0 27.3220 0 1.0000 0 1.0000 807 1210875 1000000.0000 640.0000 0.0000 0.0000 3 78.2232 4 21.7768 0 1.0000 0 1.0000 808 1210876 1000000.0000 680.0000 0.0000 0.0000 3 62.0299 4 37.9701 0 1.0000 0 1.0000 809 1210877 1000000.0000 600.0000 0.0000 0.0000 2 61.8834 1 38.1166 0 1.0000 0 1.0000 810 1210878 1000000.0000 576.0000 0.0000 0.0000 2 62.4440 1 37.5560 0 1.0000 0 1.0000 811 1210879
1212074 1000000.0000 510.0000 0.0000 0.0000 2 86.9673 1 13.0327 0 1.0000 0 1.0000 892 1212075 1000000.0000 420.0000 0.0000 0.0000 2 89.3453 0 10.6547 0 1.0000 0 1.0000 893 1212076 1000000.0000 620.0000 0.0000 0.0000 2 80.0000 3 20.0000 0 1.0000 0 1.0000 894 1212077 1000000.0000 740.0000 0.0000 0.0000 3 89.3773 1 10.6227 0 1.0000 0 1.0000 895 1212078 1000000.0000 687.0000 0.0000 0.0000 3 64.4093 1 35.5907 0 1.0000 0 1.0000 896 1212079 1000000.0000 620.0000 2.9703 0.0000 2
3 67.2078 1 32.7922 0 1.0000 0 1.0000 977 1213276 1000000.0000 647.0000 0.0000 0.0000 0 95.7031 1 4.2969 0 1.0000 0 1.0000 978 1213277 1000000.0000 652.0000 0.0000 0.0000 2 86.3668 0 13.6332 0 1.0000 0 1.0000 979 1213278 1000000.0000 500.0000 0.0000 0.0000 2 91.1162 1 8.8838 0 1.0000 0 1.0000 980 1213279 1000000.0000 330.0000 0.0000 0.0000 2 82.7238 0 17.2762 0 1.0000 0 1.0000 981 1213280 1000000.0000 340.0000 0.0000 0.0000 2 98.2198 1 1.7802 0 1.0000
1.0000 0 1.0000 1062 1214477 1000000.0000 460.0000 0.0000 0.0000 2 93.8967 1 6.1033 0 1.0000 0 1.0000 1063 1214478 1000000.0000 530.0000 0.0000 0.0000 2 88.7872 1 11.2128 0 1.0000 0 1.0000 1064 1214479 1000000.0000 620.0000 0.0000 0.0000 2 54.1811 1 45.8189 0 1.0000 0 1.0000 1065 1214480 1000000.0000 640.0000 0.0000 0.0000 2 51.1217 1 48.8783 0 1.0000 0 1.0000 1066 1214481 1000000.0000 610.0000 0.0000 0.0000 2 80.0000 3 20.0000 0 1.0000 0 1.0000 1067 1214482 1000000.0000
1000000.0000 740.0000 0.0000 0.0000 3 65.8427 4 34.1573 0 1.0000 0 1.0000 1148 1215679 1000000.0000 740.0000 0.0000 0.0000 4 51.5087 3 48.4913 0 1.0000 0 1.0000 1149 1215680 1000000.0000 710.0000 0.0000 0.0000 3 72.4033 4 27.5967 0 1.0000 0 1.0000 1150 1215681 1000000.0000 720.0000 0.0000 0.0000 1 51.4339 3 48.5661 0 1.0000 0 1.0000 1151 1215682 1000000.0000 740.0000 0.0000 0.0000 3 53.6609 4 46.3391 0 1.0000 0 1.0000 1152 1215683 1000000.0000 700.0000 0.0000 0.0000 3 91.9540
52.2272 3 47.7728 0 1.0000 0 1.0000 1233 1216879 1000000.0000 920.0000 0.0000 0.0000 4 75.0291 3 24.9709 0 1.0000 0 1.0000 1234 1216880 1000000.0000 860.0000 0.0000 0.0000 4 50.0000 5 50.0000 0 1.0000 0 1.0000 1235 1216881 1000000.0000 840.0000 0.0000 0.0000 4 50.0000 5 50.0000 0 1.0000 0 1.0000 1236 1216882 1000000.0000 720.0000 0.0000 0.0000 3 62.4896 4 37.5104 0 1.0000 0 1.0000 1237 1216883 1000000.0000 600.0000 0.0000 0.0000 1 53.2775 3 46.7225 0 1.0000 0
0 1.0000 1318 1218082 1000000.0000 640.0000 0.0000 0.0000 3 66.4380 4 33.5620 0 1.0000 0 1.0000 1319 1218083 1000000.0000 600.0000 0.0000 0.0000 2 82.1053 1 17.8947 0 1.0000 0 1.0000 1320 1218084 1000000.0000 500.0000 0.0000 0.0000 2 77.3869 1 22.6131 0 1.0000 0 1.0000 1321 1218085 1000000.0000 390.0000 0.0000 0.0000 2 88.5496 0 11.4504 0 1.0000 0 1.0000 1322 1218086 1000000.0000 290.0000 0.0000 0.0000 2 57.0000 0 43.0000 0 1.0000 0 1.0000 1323 1218087 1000000.0000 440.0000
544.0000 0.0000 0.0000 2 72.3668 1 27.6332 0 1.0000 0 1.0000 1404 1219284 1000000.0000 660.0000 0.0000 0.0000 0 56.8938 2 43.1062 0 1.0000 0 1.0000 1405 1219285 1000000.0000 720.0000 0.0000 0.0000 4 80.0000 3 20.0000 0 1.0000 0 1.0000 1406 1219286 1000000.0000 840.0000 0.0000 0.0000 4 80.0000 3 20.0000 0 1.0000 0 1.0000 1407 1219287 1000000.0000 950.0000 6.0000 0.0000 4 47.0000 5 47.0000 0 1.0000 0 1.0000 1408 1219288 1000000.0000 900.0000 0.0000 0.0000 4 50.0000 5
3 20.0000 0 1.0000 0 1.0000 1489 1220481 1000000.0000 820.0000 0.0000 0.0000 4 80.0000 3 20.0000 0 1.0000 0 1.0000 1490 1220482 1000000.0000 900.0000 0.0000 0.0000 4 50.0000 5 50.0000 0 1.0000 0 1.0000 1491 1220483 1000000.0000 960.0000 0.0000 0.0000 4 50.0000 5 50.0000 0 1.0000 0 1.0000 1492 1220484 1000000.0000 930.0000 0.0000 0.0000 4 50.0000 5 50.0000 0 1.0000 0 1.0000 1493 1220485 1000000.0000 850.0000 0.0000 0.0000 4 80.0000 3 20.0000 0 1.0000 0 1.0000
1.0000 1574 1221678 1000000.0000 920.0000 0.0000 0.0000 4 50.0000 5 50.0000 0 1.0000 0 1.0000 1575 1221679 1000000.0000 920.0000 0.0000 0.0000 4 50.0000 5 50.0000 0 1.0000 0 1.0000 1576 1221680 1000000.0000 875.0000 1.0000 0.0000 4 79.2000 3 19.8000 0 1.0000 0 1.0000 1577 1221681 1000000.0000 882.0000 4.0000 0.0000 4 76.8000 3 19.2000 0 1.0000 0 1.0000 1578 1221682 1000000.0000 880.0000 0.0000 0.0000 4 80.0000 3 20.0000 0 1.0000 0 1.0000 1579 1221683 1000000.0000 895.0000 0.0000
0.0000 0.0000 4 80.0000 3 20.0000 0 1.0000 0 1.0000 1660 1222880 1000000.0000 840.0000 0.0000 0.0000 4 80.0000 3 20.0000 0 1.0000 0 1.0000 1661 1222881 1000000.0000 900.0000 0.0000 0.0000 4 80.0000 3 20.0000 0 1.0000 0 1.0000 1662 1222882 1000000.0000 930.0000 0.0000 0.0000 4 80.0000 3 20.0000 0 1.0000 0 1.0000 1663 1222883 1000000.0000 1030.0000 0.0000 0.0000 4 50.0000 5 50.0000 0 1.0000 0 1.0000 1664 1222884 1000000.0000 1120.0000 0.0000 0.0000 5 100.0000 1 0.0000
47.0000 0 1.0000 0 1.0000 1745 1224085 1000000.0000 980.0000 0.0000 0.0000 4 80.0000 3 20.0000 0 1.0000 0 1.0000 1746 1224086 1000000.0000 900.0000 0.0000 0.0000 4 80.0000 3 20.0000 0 1.0000 0 1.0000 1747 1224087 1000000.0000 872.0000 0.0000 0.0000 4 72.0460 1 27.9540 0 1.0000 0 1.0000 1748 1225203 1000000.0000 676.0000 0.0000 0.0000 2 55.5778 1 44.4222 0 1.0000 0 1.0000 1749 1225204 1000000.0000 654.0000 0.0000 0.0000 1 74.5547 2 25.4453 0 1.0000 0 1.0000 1750
1830 1226400 1000000.0000 680.0000 0.0000 0.0000 2 54.2445 1 45.7555 0 1.0000 0 1.0000 1831 1226401 1000000.0000 711.0000 0.0000 0.0000 2 50.0000 3 50.0000 0 1.0000 0 1.0000 1832 1226402 1000000.0000 687.0000 0.0000 0.0000 2 70.5279 1 29.4721 0 1.0000 0 1.0000 1833 1226403 1000000.0000 740.0000 0.0000 0.0000 2 50.0000 3 50.0000 0 1.0000 0 1.0000 1834 1226404 1000000.0000 703.0000 0.0000 0.0000 3 50.2212 1 49.7788 0 1.0000 0 1.0000 1835 1226405 1000000.0000 709.0000 0.0000 0.0000
0.0000 3 67.4464 1 32.5536 0 1.0000 0 1.0000 1916 1227601 1000000.0000 740.0000 0.0000 0.0000 1 50.4587 3 49.5413 0 1.0000 0 1.0000 1917 1227602 1000000.0000 660.0000 0.0000 0.0000 2 58.6873 1 41.3127 0 1.0000 0 1.0000 1918 1227603 1000000.0000 710.0000 0.0000 0.0000 2 64.8165 1 35.1835 0 1.0000 0 1.0000 1919 1227604 1000000.0000 820.0000 0.0000 0.0000 3 69.5976 4 30.4024 0 1.0000 0 1.0000 1920 1227605 1000000.0000 830.0000 0.0000 0.0000 4 80.0000 3 20.0000 0
0 1.0000 0 1.0000 2001 1228801 1000000.0000 720.0000 0.0000 0.0000 2 73.3850 1 26.6150 0 1.0000 0 1.0000 2002 1228802 1000000.0000 670.0000 1.8812 0.0000 2 76.4160 1 21.7027 0 1.0000 0 1.0000 2003 1228803 1000000.0000 740.0000 0.0000 0.0000 2 50.0000 3 50.0000 0 1.0000 0 1.0000 2004 1228804 1000000.0000 780.0000 0.0000 0.0000 3 78.4091 1 21.5909 0 1.0000 0 1.0000 2005 1228805 1000000.0000 760.0000 0.0000 0.0000 3 81.1288 4 18.8712 0 1.0000 0 1.0000 2006 1228806
1230002 1000000.0000 720.0000 0.0000 0.0000 3 67.9891 4 32.0109 0 1.0000 0 1.0000 2087 1230003 1000000.0000 651.0000 0.0000 0.0000 2 67.7378 1 32.2622 0 1.0000 0 1.0000 2088 1230004 1000000.0000 660.0000 0.0000 0.0000 1 65.2174 2 34.7826 0 1.0000 0 1.0000 2089 1230005 1000000.0000 620.0000 0.0000 0.0000 2 86.2921 1 13.7079 0 1.0000 0 1.0000 2090 1230006 1000000.0000 620.0000 0.0000 0.0000 2 83.2421 1 16.7579 0 1.0000 0 1.0000 2091 1230007 1000000.0000 660.0000 0.0000 0.0000 2
2 85.5814 1 14.4186 0 1.0000 0 1.0000 2172 1231203 1000000.0000 820.0000 0.0000 0.0000 3 90.0298 1 9.9702 0 1.0000 0 1.0000 2173 1231204 1000000.0000 827.0000 0.0000 0.0000 3 56.8345 4 43.1655 0 1.0000 0 1.0000 2174 1231205 1000000.0000 900.0000 0.0000 0.0000 4 64.9116 3 35.0884 0 1.0000 0 1.0000 2175 1231206 1000000.0000 1000.0000 0.0000 0.0000 4 50.0000 5 50.0000 0 1.0000 0 1.0000 2176 1231207 1000000.0000 1049.0000 3.0000 0.0000 5 91.2500 1 5.7500 0 1.0000
1.0000 0 1.0000 2257 1232403 1000000.0000 960.0000 0.0000 0.0000 4 50.0000 5 50.0000 0 1.0000 0 1.0000 2258 1232404 1000000.0000 940.0000 0.0000 0.0000 4 50.0000 5 50.0000 0 1.0000 0 1.0000 2259 1232405 1000000.0000 1040.0000 0.0000 0.0000 4 50.0000 5 50.0000 0 1.0000 0 1.0000 2260 1232406 1000000.0000 1050.0000 0.0000 0.0000 4 50.0000 5 50.0000 0 1.0000 0 1.0000 2261 1232407 1000000.0000 900.0000 0.0000 0.0000 4 80.0000 3 20.0000 0 1.0000 0 1.0000 2262 1232408 1000000.0000
1000000.0000 940.0000 0.0000 0.0000 4 80.0000 3 20.0000 0 1.0000 0 1.0000 2343 1233606 1000000.0000 840.0000 0.0000 0.0000 4 77.2558 1 22.7442 0 1.0000 0 1.0000 2344 1233607 1000000.0000 900.0000 0.0000 0.0000 4 58.2484 3 41.7516 0 1.0000 0 1.0000 2345 1233608 1000000.0000 1040.0000 0.0000 0.0000 4 50.0000 5 50.0000 0 1.0000 0 1.0000 2346 1233609 1000000.0000 1040.0000 1.0000 0.0000 4 49.5000 5 49.5000 0 1.0000 0 1.0000 2347 1233610 1000000.0000 1020.0000 0.0000 0.0000 4 50.0000
45.2961 1 35.7039 0 1.0000 0 1.0000 2428 1234808 1000000.0000 831.0000 5.0000 0.0000 4 65.3833 1 29.6167 0 1.0000 0 1.0000 2429 1234809 1000000.0000 839.0000 13.0000 0.0000 4 44.7650 3 42.2350 0 1.0000 0 1.0000 2430 1234810 1000000.0000 874.0000 5.0000 0.0000 4 70.7811 3 24.2189 0 1.0000 0 1.0000 2431 1234811 1000000.0000 870.0000 0.0000 0.0000 4 73.6901 3 26.3099 0 1.0000 0 1.0000 2432 1234812 1000000.0000 840.0000 0.0000 0.0000 4 63.4289 1 36.5711 0 1.0000 0
0 1.0000 2513 1236010 1000000.0000 680.0000 0.0000 0.0000 2 52.9801 0 47.0199 0 1.0000 0 1.0000 2514 1236011 1000000.0000 920.0000 0.0000 0.0000 4 68.2069 3 31.7931 0 1.0000 0 1.0000 2515 1236012 1000000.0000 862.0000 41.0000 0.0000 4 47.2000 3 11.8000 0 1.0000 0 1.0000 2516 1236013 1000000.0000 880.0000 8.0000 0.0000 4 73.6000 3 18.4000 0 1.0000 0 1.0000 2517 1236014 1000000.0000 1000.0000 0.0000 0.0000 4 50.0000 5 50.0000 0 1.0000 0 1.0000 2518 1236015 1000000.0000 940.0000
770.0000 0.0000 0.0000 2 66.4789 0 33.5211 0 1.0000 0 1.0000 2599 1237212 1000000.0000 680.0000 0.0000 0.0000 2 84.3289 0 15.6711 0 1.0000 0 1.0000 2600 1237213 1000000.0000 685.0000 0.0000 0.0000 2 80.2867 0 19.7133 0 1.0000 0 1.0000 2601 1237214 1000000.0000 728.0000 5.0000 0.0000 2 70.8075 0 24.1925 0 1.0000 0 1.0000 2602 1237215 1000000.0000 830.0000 0.0000 0.0000 4 80.0000 3 20.0000 0 1.0000 0 1.0000 2603 1237216 1000000.0000 867.0000 0.0000 0.0000 4 80.0000 3
3 20.0000 0 1.0000 0 1.0000 2684 1238426 1000000.0000 878.0000 2.0000 0.0000 4 78.4000 3 19.6000 0 1.0000 0 1.0000 2685 1238429 1000000.0000 987.0000 6.0000 0.0000 4 47.0000 5 47.0000 0 1.0000 0 1.0000 2686 1239546 1000000.0000 937.0000 5.0000 0.0000 4 47.5000 5 47.5000 0 1.0000 0 1.0000 2687 1239547 1000000.0000 940.0000 0.0000 0.0000 1 58.0931 4 41.9069 0 1.0000 0 1.0000 2688 1239548 1000000.0000 1020.0000 0.0000 0.0000 1 55.0000 5 45.0000 0 1.0000 0 1.0000
1.0000 2769 1240763 1000000.0000 1030.0000 0.0000 0.0000 4 50.0000 5 50.0000 0 1.0000 0 1.0000 2770 1240764 1000000.0000 960.0000 0.0000 0.0000 4 78.3694 3 21.6306 0 1.0000 0 1.0000 2771 1240765 1000000.0000 840.0000 0.0000 0.0000 3 58.1313 4 41.8687 0 1.0000 0 1.0000 2772 1240766 1000000.0000 808.0000 0.0000 0.0000 3 69.4035 4 30.5965 0 1.0000 0 1.0000 2773 1240767 1000000.0000 1060.0000 0.0000 0.0000 4 75.2000 3 24.8000 0 1.0000 0 1.0000 2774 1240768 1000000.0000 1140.0000 2.0000
