Hbv_Gaulfoss_grid_grid_Norway/hbv_landscape.txt
ncols         1195
nrows         1550
xllcorner     -75000
yllcorner     6.45e+06
cellsize      1000
NODATA_value  -9999
[rows 0 to 32 of 36, columns 912 to 987 of 1195]
4.7052 0 1.0000 0 1.0000 65 1192949 1000000.0000 364.0000 4.9587 0.0000 2 75.2066 1 19.8347 0 1.0000 0 1.0000 66 1192950 1000000.0000 437.0000 3.0000 0.0000 1 72.0688 0 24.9312 0 1.0000 0 1.0000 67 1192951 1000000.0000 450.0000 6.0000 0.0000 1 62.1304 2 31.8696 0 1.0000 0 1.0000 68 1192952 1000000.0000 520.0000 0.0000 0.0000 1 63.7626 0 36.2374 0 1.0000 0 1.0000 69 1192953 1000000.0000 571.0000 5.0000 0.0000 1 55.0145 3 39.9855 0 1.0000 0 1.0000 70
150 1196555 1000000.0000 780.0000 0.0000 0.0000 4 50.0000 5 50.0000 0 1.0000 0 1.0000 151 1196556 1000000.0000 710.0000 0.0000 0.0000 4 80.0000 3 20.0000 0 1.0000 0 1.0000 152 1196557 1000000.0000 630.0000 0.0000 0.0000 4 54.6100 1 45.3900 0 1.0000 0 1.0000 153 1196558 1000000.0000 560.0000 17.0000 0.0000 1 48.0000 0 35.0000 0 1.0000 0 1.0000 154 1196559 1000000.0000 560.0000 14.0000 0.0000 1 45.9704 0 40.0296 0 1.0000 0 1.0000 155 1196560 1000000.0000 600.0000 2.0000 0.0000
0.0000 3 74.5665 4 25.4335 0 1.0000 0 1.0000 236 1198956 1000000.0000 667.0000 0.0000 0.0000 3 75.0000 1 25.0000 0 1.0000 0 1.0000 237 1200111 1000000.0000 600.0000 0.0000 0.0000 2 50.0000 3 50.0000 0 1.0000 0 1.0000 238 1200112 1000000.0000 520.0000 0.0000 0.0000 2 66.6052 1 33.3948 0 1.0000 0 1.0000 239 1200113 1000000.0000 360.0000 0.0000 0.0000 2 89.8316 1 10.1684 0 1.0000 0 1.0000 240 1200114 1000000.0000 120.0000 0.0000 0.0000 2 80.7062 0 19.2938 0
0 1.0000 0 1.0000 321 1202498 1000000.0000 680.0000 0.0000 0.0000 4 56.7742 3 43.2258 0 1.0000 0 1.0000 322 1202499 1000000.0000 595.0000 0.0000 0.0000 3 65.4872 1 34.5128 0 1.0000 0 1.0000 323 1202500 1000000.0000 528.0000 0.0000 0.0000 2 59.6001 1 40.3999 0 1.0000 0 1.0000 324 1202501 1000000.0000 500.0000 0.0000 0.0000 2 65.9794 1 34.0206 0 1.0000 0 1.0000 325 1202502 1000000.0000 440.0000 0.0000 0.0000 2 90.3955 1 9.6045 0 1.0000 0 1.0000 326 1202503
1203724 1000000.0000 590.0000 0.0000 0.0000 2 71.4286 0 28.5714 0 1.0000 0 1.0000 407 1203725 1000000.0000 680.0000 3.0000 0.0000 4 76.7336 3 20.2664 0 1.0000 0 1.0000 408 1203726 1000000.0000 680.0000 1.0000 0.0000 4 79.2000 3 19.8000 0 1.0000 0 1.0000 409 1203727 1000000.0000 560.0000 0.0000 0.0000 0 67.0455 2 32.9545 0 1.0000 0 1.0000 410 1203728 1000000.0000 502.0000 0.0000 0.0000 2 81.9113 1 18.0887 0 1.0000 0 1.0000 411 1203729 1000000.0000 440.0000 0.0000 0.0000 1
4 50.0000 5 50.0000 0 1.0000 0 1.0000 492 1206079 1000000.0000 660.0000 0.0000 0.0000 4 76.6070 3 23.3930 0 1.0000 0 1.0000 493 1206080 1000000.0000 640.0000 0.0000 0.0000 3 68.3179 4 31.6821 0 1.0000 0 1.0000 494 1206081 1000000.0000 560.0000 0.0000 0.0000 2 74.5205 1 25.4795 0 1.0000 0 1.0000 495 1206082 1000000.0000 552.0000 0.0000 0.0000 2 80.0000 3 20.0000 0 1.0000 0 1.0000 496 1206083 1000000.0000 490.0000 0.0000 0.0000 2 78.8177 1 21.1823 0 1.0000
1.0000 0 1.0000 577 1207288 1000000.0000 478.0000 49.0000 0.0000 2 48.2365 1 2.7635 0 1.0000 0 1.0000 578 1207289 1000000.0000 552.0000 8.0000 0.0000 2 63.7386 0 28.2614 0 1.0000 0 1.0000 579 1207290 1000000.0000 560.0000 5.2259 0.0000 2 73.1489 1 21.6252 0 1.0000 0 1.0000 580 1207291 1000000.0000 600.0000 0.0000 0.0000 2 75.2941 1 24.7059 0 1.0000 0 1.0000 581 1207292 1000000.0000 622.0000 0.0000 0.0000 1 53.6113 3 46.3887 0 1.0000 0 1.0000 582 1207293 1000000.0000
1000000.0000 500.0000 0.0000 0.0000 2 99.3172 1 0.6828 0 1.0000 0 1.0000 663 1208496 1000000.0000 148.0000 0.0000 0.0000 0 50.0000 2 50.0000 0 1.0000 0 1.0000 664 1208497 1000000.0000 350.0000 0.0000 0.0000 2 74.5592 0 25.4408 0 1.0000 0 1.0000 665 1208498 1000000.0000 430.0000 0.0000 0.0000 2 90.1986 0 9.8014 0 1.0000 0 1.0000 666 1208499 1000000.0000 610.0000 0.0000 0.0000 2 86.0104 1 13.9896 0 1.0000 0 1.0000 667 1208500 1000000.0000 506.0000 0.0000 0.0000 2 88.6457
71.0000 2 29.0000 0 1.0000 0 1.0000 748 1209699 1000000.0000 230.0000 0.0000 0.0000 0 58.1699 2 41.8301 0 1.0000 0 1.0000 749 1209700 1000000.0000 250.0000 0.0000 0.0000 2 92.4262 0 7.5738 0 1.0000 0 1.0000 750 1209701 1000000.0000 260.0000 0.0000 0.0000 2 69.0000 0 31.0000 0 1.0000 0 1.0000 751 1209702 1000000.0000 240.0000 0.0000 0.0000 2 78.0000 0 22.0000 0 1.0000 0 1.0000 752 1209703 1000000.0000 285.0000 0.0000 0.0000 2 84.0970 0 15.9030 0 1.0000 0
0 1.0000 833 1210901 1000000.0000 440.0000 0.0000 0.0000 2 92.5390 1 7.4610 0 1.0000 0 1.0000 834 1210902 1000000.0000 620.0000 0.0000 0.0000 2 50.0000 3 50.0000 0 1.0000 0 1.0000 835 1210903 1000000.0000 680.0000 0.0000 0.0000 3 55.2143 4 44.7857 0 1.0000 0 1.0000 836 1210904 1000000.0000 500.0000 0.0000 0.0000 2 96.9098 1 3.0902 0 1.0000 0 1.0000 837 1210905 1000000.0000 420.0000 0.0000 0.0000 2 97.6205 1 2.3795 0 1.0000 0 1.0000 838 1210906 1000000.0000 360.0000
505.0000 0.0000 0.0000 2 99.0712 1 0.9288 0 1.0000 0 1.0000 919 1212102 1000000.0000 380.0000 0.0000 0.0000 2 95.1814 1 4.8186 0 1.0000 0 1.0000 920 1212103 1000000.0000 340.0000 11.9540 0.0000 2 80.0000 1 8.0460 0 1.0000 0 1.0000 921 1212104 1000000.0000 280.0000 0.0000 0.0000 2 85.3735 0 14.6265 0 1.0000 0 1.0000 922 1212105 1000000.0000 300.0000 0.0000 0.0000 0 72.0000 2 28.0000 0 1.0000 0 1.0000 923 1212106 1000000.0000 388.0000 0.0000 0.0000 2 70.0000 0
0 10.1124 0 1.0000 0 1.0000 1004 1213303 1000000.0000 460.0000 0.0000 0.0000 2 93.3418 0 6.6582 0 1.0000 0 1.0000 1005 1213304 1000000.0000 500.0000 0.0000 0.0000 2 92.8613 1 7.1387 0 1.0000 0 1.0000 1006 1213305 1000000.0000 490.0000 0.0000 0.0000 2 84.0562 1 15.9438 0 1.0000 0 1.0000 1007 1213306 1000000.0000 520.0000 0.0000 0.0000 2 85.0856 1 14.9144 0 1.0000 0 1.0000 1008 1213307 1000000.0000 540.0000 0.0000 0.0000 2 92.0261 0 7.9739 0 1.0000 0 1.0000
1.0000 1089 1214504 1000000.0000 713.0000 0.0000 0.0000 4 66.5915 3 33.4085 0 1.0000 0 1.0000 1090 1214505 1000000.0000 660.0000 0.0000 0.0000 2 70.3297 1 29.6703 0 1.0000 0 1.0000 1091 1214506 1000000.0000 600.0000 0.0000 0.0000 2 85.4701 1 14.5299 0 1.0000 0 1.0000 1092 1214507 1000000.0000 520.0000 0.0000 0.0000 2 91.6136 1 8.3864 0 1.0000 0 1.0000 1093 1214508 1000000.0000 537.0000 0.0000 0.0000 2 92.5707 1 7.4293 0 1.0000 0 1.0000 1094 1214509 1000000.0000 600.0000 0.0000
0.0000 0.0000 2 81.3953 0 18.6047 0 1.0000 0 1.0000 1175 1215706 1000000.0000 720.0000 0.0000 0.0000 3 60.1140 4 39.8860 0 1.0000 0 1.0000 1176 1215707 1000000.0000 700.0000 0.0000 0.0000 0 55.3537 2 44.6463 0 1.0000 0 1.0000 1177 1215708 1000000.0000 820.0000 0.0000 0.0000 4 73.8756 3 26.1244 0 1.0000 0 1.0000 1178 1215709 1000000.0000 940.0000 0.0000 0.0000 4 50.0000 5 50.0000 0 1.0000 0 1.0000 1179 1215710 1000000.0000 915.0000 0.0000 0.0000 4 77.3270 1 22.6730
50.0000 0 1.0000 0 1.0000 1260 1216906 1000000.0000 1007.0000 2.0000 0.0000 4 49.0000 5 49.0000 0 1.0000 0 1.0000 1261 1218025 1000000.0000 680.0000 0.0000 0.0000 1 69.7514 3 30.2486 0 1.0000 0 1.0000 1262 1218026 1000000.0000 560.0000 0.0000 0.0000 2 75.2475 1 24.7525 0 1.0000 0 1.0000 1263 1218027 1000000.0000 444.0000 0.0000 0.0000 2 87.3315 1 12.6685 0 1.0000 0 1.0000 1264 1218028 1000000.0000 420.0000 0.0000 0.0000 2 51.1599 0 48.8401 0 1.0000 0 1.0000 1265
1345 1219225 1000000.0000 514.0000 0.0000 0.0000 2 81.9987 0 18.0013 0 1.0000 0 1.0000 1346 1219226 1000000.0000 553.0000 0.0000 0.0000 2 78.0488 1 21.9512 0 1.0000 0 1.0000 1347 1219227 1000000.0000 620.0000 0.0000 0.0000 2 80.0000 3 20.0000 0 1.0000 0 1.0000 1348 1219228 1000000.0000 706.0000 2.6215 0.0000 1 50.9079 2 46.4706 0 1.0000 0 1.0000 1349 1219229 1000000.0000 650.0000 0.0000 0.0000 2 74.9311 1 25.0689 0 1.0000 0 1.0000 1350 1219230 1000000.0000 576.0000 0.0000 0.0000
0.0000 2 80.0000 3 20.0000 0 1.0000 0 1.0000 1431 1220423 1000000.0000 703.0000 1.0000 0.0000 1 57.3238 3 41.6762 0 1.0000 0 1.0000 1432 1220424 1000000.0000 645.0000 0.0000 0.0000 2 80.0000 3 20.0000 0 1.0000 0 1.0000 1433 1220425 1000000.0000 610.0000 0.0000 0.0000 1 59.7884 2 40.2116 0 1.0000 0 1.0000 1434 1220426 1000000.0000 570.0000 0.0000 0.0000 2 85.0336 1 14.9664 0 1.0000 0 1.0000 1435 1220427 1000000.0000 530.0000 0.0000 0.0000 2 95.5844 1 4.4156 0
0 1.0000 0 1.0000 1516 1221620 1000000.0000 607.0000 0.0000 0.0000 2 77.2179 1 22.7821 0 1.0000 0 1.0000 1517 1221621 1000000.0000 573.0000 0.0000 0.0000 2 83.6723 1 16.3277 0 1.0000 0 1.0000 1518 1221622 1000000.0000 580.0000 0.0000 0.0000 2 99.7506 1 0.2494 0 1.0000 0 1.0000 1519 1221623 1000000.0000 640.0000 0.0000 0.0000 2 90.5660 1 9.4340 0 1.0000 0 1.0000 1520 1221624 1000000.0000 700.0000 0.0000 0.0000 1 51.3214 3 48.6786 0 1.0000 0 1.0000 1521 1221625
1222821 1000000.0000 720.0000 0.0000 0.0000 2 50.0000 3 50.0000 0 1.0000 0 1.0000 1602 1222822 1000000.0000 620.0000 0.0000 0.0000 2 89.5403 0 10.4597 0 1.0000 0 1.0000 1603 1222823 1000000.0000 620.0000 0.0000 0.0000 2 88.4097 0 11.5903 0 1.0000 0 1.0000 1604 1222824 1000000.0000 680.0000 0.0000 0.0000 2 64.7399 1 35.2601 0 1.0000 0 1.0000 1605 1222825 1000000.0000 760.0000 0.0000 0.0000 3 67.0588 4 32.9412 0 1.0000 0 1.0000 1606 1222826 1000000.0000 770.0000 0.0000 0.0000 3
2 81.3990 1 18.6010 0 1.0000 0 1.0000 1687 1224027 1000000.0000 510.0000 0.0000 0.0000 2 59.4872 0 40.5128 0 1.0000 0 1.0000 1688 1224028 1000000.0000 620.0000 0.0000 0.0000 2 96.0202 1 3.9798 0 1.0000 0 1.0000 1689 1224029 1000000.0000 780.0000 0.0000 0.0000 4 75.9262 3 24.0738 0 1.0000 0 1.0000 1690 1224030 1000000.0000 860.0000 0.0000 0.0000 4 80.0000 3 20.0000 0 1.0000 0 1.0000 1691 1224031 1000000.0000 930.0000 0.0000 0.0000 4 50.0000 5 50.0000 0 1.0000
1.0000 0 1.0000 1772 1225227 1000000.0000 900.0000 0.0000 0.0000 4 80.0000 3 20.0000 0 1.0000 0 1.0000 1773 1225228 1000000.0000 1000.0000 0.0000 0.0000 4 50.0000 5 50.0000 0 1.0000 0 1.0000 1774 1225229 1000000.0000 1000.0000 0.0000 0.0000 4 50.0000 5 50.0000 0 1.0000 0 1.0000 1775 1225230 1000000.0000 830.0000 0.0000 0.0000 4 80.0000 3 20.0000 0 1.0000 0 1.0000 1776 1225231 1000000.0000 790.0000 0.0000 0.0000 4 64.1975 3 35.8025 0 1.0000 0 1.0000 1777 1225232 1000000.0000
1000000.0000 880.0000 0.0000 0.0000 4 80.0000 3 20.0000 0 1.0000 0 1.0000 1858 1226428 1000000.0000 960.0000 0.0000 0.0000 4 50.0000 5 50.0000 0 1.0000 0 1.0000 1859 1226429 1000000.0000 800.0000 0.0000 0.0000 3 57.3333 4 42.6667 0 1.0000 0 1.0000 1860 1226430 1000000.0000 780.0000 0.0000 0.0000 3 66.1901 4 33.8099 0 1.0000 0 1.0000 1861 1226431 1000000.0000 649.0000 0.0000 0.0000 2 89.4668 0 10.5332 0 1.0000 0 1.0000 1862 1226432 1000000.0000 820.0000 0.0000 0.0000 3 70.4000
74.1667 4 25.8333 0 1.0000 0 1.0000 1943 1227628 1000000.0000 716.0000 0.0000 0.0000 2 80.0000 3 20.0000 0 1.0000 0 1.0000 1944 1227629 1000000.0000 800.0000 0.0000 0.0000 3 77.0543 4 22.9457 0 1.0000 0 1.0000 1945 1227630 1000000.0000 880.0000 0.0000 0.0000 4 66.2458 3 33.7542 0 1.0000 0 1.0000 1946 1227631 1000000.0000 940.0000 3.0000 0.0000 4 77.6000 3 19.4000 0 1.0000 0 1.0000 1947 1227632 1000000.0000 860.0000 0.0000 0.0000 4 79.2572 1 20.7428 0 1.0000 0
0 1.0000 2028 1228828 1000000.0000 890.0000 0.0000 0.0000 4 80.0000 3 20.0000 0 1.0000 0 1.0000 2029 1228829 1000000.0000 980.0000 0.0000 0.0000 4 50.0000 5 50.0000 0 1.0000 0 1.0000 2030 1228830 1000000.0000 933.0000 0.0000 0.0000 4 80.0000 3 20.0000 0 1.0000 0 1.0000 2031 1228831 1000000.0000 880.0000 0.0000 0.0000 4 80.0000 3 20.0000 0 1.0000 0 1.0000 2032 1228832 1000000.0000 980.0000 0.0000 0.0000 4 50.0000 5 50.0000 0 1.0000 0 1.0000 2033 1228833 1000000.0000 1040.0000
947.0000 0.0000 0.0000 4 50.0000 5 50.0000 0 1.0000 0 1.0000 2114 1230030 1000000.0000 1060.0000 0.0000 0.0000 5 100.0000 1 0.0000 0 1.0000 0 1.0000 2115 1230031 1000000.0000 1000.0000 2.0000 0.0000 5 98.0000 1 0.0000 0 1.0000 0 1.0000 2116 1230032 1000000.0000 930.0000 0.0000 0.0000 4 50.0000 5 50.0000 0 1.0000 0 1.0000 2117 1230033 1000000.0000 760.0000 0.0000 0.0000 3 68.8550 4 31.1450 0 1.0000 0 1.0000 2118 1230034 1000000.0000 690.0000 0.0000 0.0000 2 53.2446 1
4 48.0296 0 1.0000 0 1.0000 2199 1231230 1000000.0000 620.0000 0.0000 0.0000 2 71.2292 0 28.7708 0 1.0000 0 1.0000 2200 1231231 1000000.0000 720.0000 0.0000 0.0000 0 92.0000 2 8.0000 0 1.0000 0 1.0000 2201 1231232 1000000.0000 860.0000 0.0000 0.0000 4 78.3920 3 21.6080 0 1.0000 0 1.0000 2202 1231233 1000000.0000 870.0000 0.0000 0.0000 4 80.0000 3 20.0000 0 1.0000 0 1.0000 2203 1231234 1000000.0000 810.0000 0.0000 0.0000 4 80.0000 3 20.0000 0 1.0000 0 1.0000
1.0000 2284 1232430 1000000.0000 853.0000 0.0000 0.0000 4 80.0000 3 20.0000 0 1.0000 0 1.0000 2285 1232431 1000000.0000 790.0000 0.0000 0.0000 4 77.2473 3 22.7527 0 1.0000 0 1.0000 2286 1232432 1000000.0000 640.0000 0.0000 0.0000 2 87.7127 0 12.2873 0 1.0000 0 1.0000 2287 1232433 1000000.0000 500.0000 0.0000 0.0000 2 54.0000 0 46.0000 0 1.0000 0 1.0000 2288 1232434 1000000.0000 516.0000 0.0000 0.0000 2 89.0000 0 11.0000 0 1.0000 0 1.0000 2289 1232435 1000000.0000 520.0000 0.0000
0.0000 0.0000 0 57.4013 1 42.5987 0 1.0000 0 1.0000 2370 1233633 1000000.0000 815.0000 0.0000 0.0000 4 53.7076 1 46.2924 0 1.0000 0 1.0000 2371 1233634 1000000.0000 880.0000 2.0000 0.0000 4 78.4000 3 19.6000 0 1.0000 0 1.0000 2372 1233635 1000000.0000 855.0000 3.0000 0.0000 4 77.6000 3 19.4000 0 1.0000 0 1.0000 2373 1233636 1000000.0000 904.0000 0.0000 0.0000 4 80.0000 3 20.0000 0 1.0000 0 1.0000 2374 1233637 1000000.0000 890.0000 2.0000 0.0000 4 78.4000 3 19.6000
50.0000 0 1.0000 0 1.0000 2455 1234835 1000000.0000 1040.0000 0.0000 0.0000 4 50.0000 5 50.0000 0 1.0000 0 1.0000 2456 1234836 1000000.0000 1040.0000 4.0000 0.0000 4 48.0000 5 48.0000 0 1.0000 0 1.0000 2457 1234837 1000000.0000 900.0000 0.0000 0.0000 4 80.0000 3 20.0000 0 1.0000 0 1.0000 2458 1234838 1000000.0000 840.0000 2.0000 0.0000 4 78.4000 3 19.6000 0 1.0000 0 1.0000 2459 1234839 1000000.0000 840.0000 2.0000 0.0000 4 78.4000 3 19.6000 0 1.0000 0 1.0000 2460
2540 1236037 1000000.0000 948.0000 1.0000 0.0000 4 79.2000 3 19.8000 0 1.0000 0 1.0000 2541 1236038 1000000.0000 948.0000 73.0000 0.0000 4 21.6000 3 5.4000 0 1.0000 0 1.0000 2542 1236039 1000000.0000 980.0000 0.0000 0.0000 4 50.0000 5 50.0000 0 1.0000 0 1.0000 2543 1237156 1000000.0000 925.0000 0.0000 0.0000 4 50.0000 5 50.0000 0 1.0000 0 1.0000 2544 1237157 1000000.0000 907.0000 0.0000 0.0000 4 50.0000 5 50.0000 0 1.0000 0 1.0000 2545 1237158 1000000.0000 1000.0000 0.0000 0.0000
0.0000 4 46.0000 5 46.0000 0 1.0000 0 1.0000 2626 1238359 1000000.0000 936.0000 5.0000 0.0000 4 76.0000 3 19.0000 0 1.0000 0 1.0000 2627 1238360 1000000.0000 940.0000 0.0000 0.0000 4 80.0000 3 20.0000 0 1.0000 0 1.0000 2628 1238361 1000000.0000 920.0000 0.0000 0.0000 4 78.2807 3 21.7193 0 1.0000 0 1.0000 2629 1238362 1000000.0000 880.0000 0.0000 0.0000 4 57.3737 3 42.6263 0 1.0000 0 1.0000 2630 1238363 1000000.0000 760.0000 0.0000 0.0000 2 67.2595 1 32.7405 0
0 1.0000 0 1.0000 2711 1239571 1000000.0000 940.0000 1.0000 0.0000 4 53.5676 3 45.4324 0 1.0000 0 1.0000 2712 1239572 1000000.0000 1120.0000 3.0000 0.0000 5 97.0000 1 0.0000 0 1.0000 0 1.0000 2713 1239573 1000000.0000 1140.0000 0.0000 0.0000 5 99.2500 1 0.7500 0 1.0000 0 1.0000 2714 1239574 1000000.0000 1100.0000 8.0000 0.0000 5 90.0625 1 1.9375 0 1.0000 0 1.0000 2715 1239575 1000000.0000 1040.0000 0.0000 0.0000 4 50.0000 5 50.0000 0 1.0000 0 1.0000 2716 1239576
1240790 1000000.0000 900.0000 0.0000 0.0000 4 51.6510 3 48.3490 0 1.0000 0 1.0000 2797 1240791 1000000.0000 860.0000 0.0000 0.0000 4 66.8583 3 33.1417 0 1.0000 0 1.0000 2798 1240792 1000000.0000 907.0000 3.0000 0.0000 4 77.6000 3 19.4000 0 1.0000 0 1.0000 2799 1240793 1000000.0000 940.0000 4.0000 0.0000 4 76.8000 3 19.2000 0 1.0000 0 1.0000 2800 1240794 1000000.0000 1000.0000 0.0000 0.0000 4 50.0000 5 50.0000 0 1.0000 0 1.0000 2801 1240795 1000000.0000 880.0000 0.0000 0.0000 4
