Hbv_Drammen_grid_netcdf_penman_monteith/hbv_landscape.txt
ncols         1195
nrows         1550
xllcorner     -75000
yllcorner     6.45e+06
cellsize      1000
NODATA_value  -9999
[rows 0 to 34 of 55, columns 316 to 394 of 1195]
1.0000 0 1.0000 13 1350573 1000000.0000 61.795750 1455.0000 246 1455.0000 1455.0000 2 0.0000 0.0000 4 2 92.4600 5 2 7.5400 2 2 0.0000 0 1.0000 0 1.0000 14 1350574 1000000.0000 61.796670 1459.0000 246 1459.0000 1459.0000 2 0.0000 0.0000 4 2 96.6300 5 2 3.3700 2 2 0.0000 0 1.0000 0 1.0000 15 1350575 1000000.0000 61.797590 1431.0000 246 1431.0000 1431.0000 2 0.0000 0.0000 4 2 96.4500 1 2 3.5500 2 2 0.0000 0 1.0000 0 1.0000 16 1350578 1000000.0000 61.800320
22.4427 0 1 19.3893 0 1.0000 0 1.0000 63 1354161 1000000.0000 61.771750 1002.0000 247 1002.0000 1002.0000 2 0.0000 0.0000 15 2 42.3813 16 2 32.5213 0 2 25.0973 0 1.0000 0 1.0000 64 1354162 1000000.0000 61.772660 853.0000 247 853.0000 853.0000 2 0.0000 0.0000 4 2 46.2045 16 2 29.2044 15 2 24.5910 0 1.0000 0 1.0000 65 1354163 1000000.0000 61.773570 487.0000 250 487.0000 487.0000 2 14.8500 0.0000 16 3 42.2286 15 3 24.6488 3 3 18.2726 0 1.0000 0
3 1 40.8345 16 1 31.0096 15 1 21.5859 0 1.0000 0 1.0000 113 1356552 1000000.0000 61.754820 649.0000 249 649.0000 649.0000 2 0.0000 0.0000 15 3 34.8923 13 3 32.7373 17 3 32.3705 0 1.0000 0 1.0000 114 1356553 1000000.0000 61.755730 1014.0000 247 1014.0000 1014.0000 2 0.0000 0.0000 15 2 45.7240 16 2 32.9653 4 2 21.3107 0 1.0000 0 1.0000 115 1356554 1000000.0000 61.756630 1110.0000 247 1110.0000 1110.0000 1 13.3000 0.0000 4 2 72.7199 15 2 12.0064 7
1186.0000 1186.0000 2 0.0000 0.0000 0 2 52.0400 4 2 44.9500 15 2 3.0100 0 1.0000 0 1.0000 163 1358932 1000000.0000 61.727790 1145.0000 246 1145.0000 1145.0000 2 0.0000 0.0000 4 2 83.3209 0 2 13.1794 15 2 3.4998 0 1.0000 0 1.0000 164 1358933 1000000.0000 61.728720 1036.0000 247 1036.0000 1036.0000 2 0.0000 0.0000 4 2 58.2836 15 2 22.5189 16 2 19.1975 0 1.0000 0 1.0000 165 1358934 1000000.0000 61.729650 1107.0000 247 1107.0000 1107.0000 2 0.0000 0.0000 4 2
1361312 1000000.0000 61.700520 1426.0000 246 1426.0000 1426.0000 1 30.2000 0.0000 5 2 69.8000 1 2 0.0000 2 2 0.0000 0 1.0000 0 1.0000 213 1361313 1000000.0000 61.701470 1498.0000 246 1498.0000 1498.0000 1 0.0000 0.0000 5 2 100.0000 1 2 0.0000 2 2 0.0000 0 1.0000 0 1.0000 214 1361314 1000000.0000 61.702430 1455.0000 246 1455.0000 1455.0000 1 7.4800 0.0000 5 2 91.9600 4 2 0.5600 2 2 0.0000 0 1.0000 0 1.0000 215 1361315 1000000.0000 61.703380 1493.0000 246 1493.0000 1493.0000
0 1.0000 0 1.0000 262 1362525 1000000.0000 61.708420 1168.0000 246 1168.0000 1168.0000 2 0.0000 0.0000 4 2 79.7087 0 2 10.3827 16 2 9.9086 0 1.0000 0 1.0000 263 1362526 1000000.0000 61.709330 1238.0000 246 1238.0000 1238.0000 1 0.0000 0.0000 4 1 84.3002 0 1 9.1253 15 1 6.5745 0 1.0000 0 1.0000 264 1362527 1000000.0000 61.710240 1034.0000 247 1034.0000 1034.0000 1 0.0000 0.0000 16 2 48.7054 0 2 33.6884 4 2 17.6062 0 1.0000 0 1.0000 265 1362528 1000000.0000
2 10.1900 1 2 1.1900 0 1.0000 0 1.0000 312 1364894 1000000.0000 61.670900 1192.0000 246 1192.0000 1192.0000 1 0.0000 0.0000 4 1 81.4751 0 1 15.6111 1 1 2.9138 0 1.0000 0 1.0000 313 1364895 1000000.0000 61.671860 1359.0000 246 1359.0000 1359.0000 1 0.0000 0.0000 4 2 93.6100 5 2 4.3500 0 2 2.0400 0 1.0000 0 1.0000 314 1364896 1000000.0000 61.672820 1423.0000 246 1423.0000 1423.0000 1 0.0000 0.0000 4 2 81.6400 0 2 17.7600 5 2 0.6000 0 1.0000
0.0000 16 2 42.0527 15 2 34.7411 13 2 23.2062 0 1.0000 0 1.0000 362 1366102 1000000.0000 61.674300 1009.0000 247 1009.0000 1009.0000 1 0.0000 0.0000 4 2 47.6203 16 2 26.8077 15 2 25.5719 0 1.0000 0 1.0000 363 1366103 1000000.0000 61.675240 1208.0000 246 1208.0000 1208.0000 1 0.0000 0.0000 4 2 82.1098 15 2 9.0198 5 2 8.8704 0 1.0000 0 1.0000 364 1366104 1000000.0000 61.676160 1378.0000 246 1378.0000 1378.0000 1 0.0000 0.0000 4 2 71.6839 5 2 26.8511
246 1784.0000 1784.0000 1 0.0000 0.0000 5 2 100.0000 1 2 0.0000 2 2 0.0000 0 1.0000 0 1.0000 412 1367312 1000000.0000 61.679050 1900.0000 246 1900.0000 1900.0000 1 0.0000 0.0000 5 2 99.5700 4 2 0.4300 2 2 0.0000 0 1.0000 0 1.0000 413 1367313 1000000.0000 61.679940 1769.0000 246 1769.0000 1769.0000 1 0.0000 0.0000 5 2 100.0000 1 2 0.0000 2 2 0.0000 0 1.0000 0 1.0000 414 1367314 1000000.0000 61.680830 2017.0000 246 2017.0000 2017.0000 1 0.4000 4.1100 5
461 1369683 1000000.0000 61.643820 946.0000 247 946.0000 946.0000 1 7.9300 0.0000 4 1 47.6840 15 1 31.8332 16 1 12.5529 0 1.0000 0 1.0000 462 1369684 1000000.0000 61.644760 1222.0000 246 1222.0000 1222.0000 1 0.0000 0.0000 4 3 65.2943 15 3 23.8397 5 3 10.8660 0 1.0000 0 1.0000 463 1369685 1000000.0000 61.645700 1741.0000 246 1741.0000 1741.0000 1 0.0000 16.8900 5 2 78.3900 4 2 4.7200 2 2 0.0000 0 1.0000 0 1.0000 464 1369686 1000000.0000 61.646630 1968.0000 246 1968.0000
0.0000 0 1.0000 0 1.0000 511 1370898 1000000.0000 61.653180 2273.0000 246 2273.0000 2273.0000 1 0.0000 52.5100 5 2 47.4900 1 2 0.0000 2 2 0.0000 0 1.0000 0 1.0000 512 1372063 1000000.0000 61.616480 1308.0000 246 1308.0000 1308.0000 1 25.7600 0.0000 5 2 38.7000 4 2 35.5400 2 2 0.0000 0 1.0000 0 1.0000 513 1372064 1000000.0000 61.617440 1309.0000 246 1309.0000 1309.0000 1 9.9300 0.0000 5 2 54.1200 4 2 35.9500 2 2 0.0000 0 1.0000 0 1.0000 514 1372065
1 2 0.0000 2 2 0.0000 0 1.0000 0 1.0000 561 1373277 1000000.0000 61.625430 1876.0000 246 1876.0000 1876.0000 1 0.0000 73.3700 5 2 26.6300 1 2 0.0000 2 2 0.0000 0 1.0000 0 1.0000 562 1373278 1000000.0000 61.626340 1850.0000 246 1850.0000 1850.0000 1 0.0000 0.1900 5 2 99.8100 1 2 0.0000 2 2 0.0000 0 1.0000 0 1.0000 563 1373279 1000000.0000 61.627250 1530.0000 246 1530.0000 1530.0000 1 0.0000 0.0000 4 2 58.2800 5 2 41.7200 2 2 0.0000 0
0.0000 0.0000 5 2 100.0000 1 2 0.0000 2 2 0.0000 0 1.0000 0 1.0000 611 1375661 1000000.0000 61.602060 1739.0000 246 1739.0000 1739.0000 1 0.0000 10.9000 5 2 85.9700 4 2 3.1300 2 2 0.0000 0 1.0000 0 1.0000 612 1375662 1000000.0000 61.602990 2075.0000 246 2075.0000 2075.0000 1 0.0000 40.4200 5 2 59.5800 1 2 0.0000 2 2 0.0000 0 1.0000 0 1.0000 613 1375663 1000000.0000 61.603910 2082.0000 246 2082.0000 2082.0000 1 0.0000 86.4900 5 2 13.5100 1 2
1494.0000 246 1494.0000 1494.0000 1 0.0000 0.0000 4 2 50.0800 5 2 49.9200 2 2 0.0000 0 1.0000 0 1.0000 661 1378043 1000000.0000 61.576710 1576.0000 246 1576.0000 1576.0000 1 21.4200 37.3500 5 2 36.8300 4 2 4.4000 2 2 0.0000 0 1.0000 0 1.0000 662 1378044 1000000.0000 61.577660 1774.0000 246 1774.0000 1774.0000 1 0.1300 12.6500 5 2 81.4100 4 2 5.8100 2 2 0.0000 0 1.0000 0 1.0000 663 1378045 1000000.0000 61.578610 1822.0000 246 1822.0000 1822.0000 1 0.0000 96.5900
1.0000 710 1380431 1000000.0000 61.556980 1508.0000 246 1508.0000 1508.0000 1 0.0000 29.6600 5 2 58.1500 4 2 12.1900 2 2 0.0000 0 1.0000 0 1.0000 711 1380432 1000000.0000 61.557940 1703.0000 246 1703.0000 1703.0000 1 0.0000 86.5600 5 2 10.9200 4 2 2.5200 2 2 0.0000 0 1.0000 0 1.0000 712 1380433 1000000.0000 61.558890 1835.0000 246 1835.0000 1835.0000 1 0.0000 68.8400 5 2 28.5800 4 2 2.5800 2 2 0.0000 0 1.0000 0 1.0000 713 1380434 1000000.0000 61.559830 1890.0000 246
2 0.0000 0 1.0000 0 1.0000 760 1382830 1000000.0000 61.547640 1462.0000 246 1462.0000 1462.0000 1 0.0000 0.0000 5 2 81.2300 4 2 18.7700 2 2 0.0000 0 1.0000 0 1.0000 761 1382831 1000000.0000 61.548570 1404.0000 246 1404.0000 1404.0000 1 33.2500 0.0000 5 2 34.0400 4 2 32.7100 2 2 0.0000 0 1.0000 0 1.0000 762 1382832 1000000.0000 61.549500 1406.0000 246 1406.0000 1406.0000 1 40.0600 0.0000 4 2 52.1600 5 2 7.7800 2 2 0.0000 0 1.0000 0 1.0000 763
85.1400 5 2 11.4100 2 2 0.0000 0 1.0000 0 1.0000 810 1464072 1000000.0000 60.924600 1585.0000 246 1585.0000 1585.0000 1 0.0000 0.0000 5 2 95.3000 4 2 4.7000 2 2 0.0000 0 1.0000 0 1.0000 811 1464073 1000000.0000 60.925550 1396.0000 246 1396.0000 1396.0000 1 14.2800 0.0000 4 2 47.8800 5 2 37.8400 2 2 0.0000 0 1.0000 0 1.0000 812 1464074 1000000.0000 60.926500 1399.0000 246 1399.0000 1399.0000 1 15.8900 0.0000 4 2 59.9200 5 2 24.1900 2 2 0.0000
1 0.8000 0.0000 5 2 58.2300 4 2 40.9700 2 2 0.0000 0 1.0000 0 1.0000 860 1467666 1000000.0000 60.906330 1511.0000 246 1511.0000 1511.0000 1 1.8500 0.0000 4 2 63.3500 5 2 32.0700 0 2 2.7300 0 1.0000 0 1.0000 861 1467667 1000000.0000 60.907260 1000.0000 247 1000.0000 1000.0000 1 1.8800 0.0000 4 1 56.6340 16 1 25.7605 1 1 15.7255 0 1.0000 0 1.0000 862 1467668 1000000.0000 60.908180 954.0000 247 954.0000 954.0000 1 4.0600 0.0000 1 1 42.7719 15
60.873440 1436.0000 246 1436.0000 1436.0000 1 0.0000 0.0000 5 2 89.4600 4 2 10.5400 2 2 0.0000 0 1.0000 0 1.0000 910 1476196 1000000.0000 60.962940 675.0000 248 675.0000 675.0000 1 0.0000 0.0000 1 5 52.4596 7 5 27.3480 6 5 20.1925 0 1.0000 0 1.0000 911 1476197 1000000.0000 60.963460 715.0000 248 715.0000 715.0000 1 0.0000 0.0000 1 5 57.3310 4 5 21.6943 6 5 20.9747 0 1.0000 0 1.0000 912 1477391 1000000.0000 60.953980 698.0000 248 698.0000 698.0000 1 0.0000
0 1.0000 959 1498795 1000000.0000 60.724540 1022.0000 247 1022.0000 1022.0000 1 1.3000 0.0000 0 5 44.6710 1 5 31.1744 4 5 22.8546 0 1.0000 0 1.0000 960 1499985 1000000.0000 60.711700 1069.0000 247 1069.0000 1069.0000 1 1.7500 0.0000 15 2 60.8290 0 2 21.4019 4 2 16.0190 0 1.0000 0 1.0000 961 1499986 1000000.0000 60.712490 1072.0000 247 1072.0000 1072.0000 1 0.0000 0.0000 15 2 38.8522 0 2 38.8375 4 2 22.3103 0 1.0000 0 1.0000 962 1499987 1000000.0000 60.713270 928.0000
1 2 8.7762 0 1.0000 0 1.0000 1009 1504765 1000000.0000 60.675970 1046.0000 247 1046.0000 1046.0000 1 0.0000 0.0000 0 2 59.2459 7 2 23.9510 4 2 16.8031 0 1.0000 0 1.0000 1010 1504766 1000000.0000 60.676760 1004.0000 247 1004.0000 1004.0000 1 0.0000 0.0000 1 2 43.6464 16 2 28.2646 7 2 28.0890 0 1.0000 0 1.0000 1011 1504767 1000000.0000 60.677540 1035.0000 247 1035.0000 1035.0000 1 0.0000 0.0000 0 2 41.6970 16 2 30.1275 1 2 28.1756 0 1.0000 0 1.0000
1 66.2255 6 1 18.9969 17 1 14.7575 0 1.0000 0 1.0000 1059 1513209 1000000.0000 60.667660 403.0000 253 403.0000 403.0000 1 0.0000 0.0000 3 1 68.4523 2 1 22.0988 17 1 9.4490 0 1.0000 0 1.0000 1060 1513210 1000000.0000 60.668240 385.0000 253 385.0000 385.0000 1 0.0000 0.0000 3 1 60.6099 9 1 23.3437 6 1 16.0464 0 1.0000 0 1.0000 1061 1513211 1000000.0000 60.668830 368.0000 253 368.0000 368.0000 1 0.0000 0.0000 9 1 59.0547 3 1 21.2605 6 1
384.0000 1 0.0000 0.0000 3 1 89.8198 2 1 8.8508 17 1 1.3295 0 1.0000 0 1.0000 1109 1519189 1000000.0000 60.625800 414.0000 253 414.0000 414.0000 1 0.0000 0.0000 3 1 92.0695 2 1 7.3478 17 1 0.5827 0 1.0000 0 1.0000 1110 1519190 1000000.0000 60.626370 400.0000 253 400.0000 400.0000 1 0.0000 0.0000 3 2 48.9381 6 2 32.6710 14 2 18.3910 0 1.0000 0 1.0000 1111 1520378 1000000.0000 60.613350 426.0000 252 426.0000 426.0000 1 0.0000 0.0000 6 1 44.6855
1000000.0000 60.561970 523.0000 251 523.0000 523.0000 1 0.0000 0.0000 1 2 36.0451 6 2 33.3186 8 2 30.6363 0 1.0000 0 1.0000 1159 1527553 1000000.0000 60.562540 505.0000 252 505.0000 505.0000 1 0.0000 0.0000 6 2 39.5704 8 2 34.2191 7 2 26.2104 0 1.0000 0 1.0000 1160 1528745 1000000.0000 60.551850 514.0000 252 514.0000 514.0000 1 0.0000 0.0000 8 1 41.2107 9 1 36.4569 7 1 22.3324 0 1.0000 0 1.0000 1161 1528746 1000000.0000 60.552430 531.0000 251 531.0000 531.0000 1
1.0000 0 1.0000 1208 1537117 1000000.0000 60.493190 710.0000 249 710.0000 710.0000 1 18.8700 0.0000 7 2 36.6669 8 2 29.5471 6 2 14.9160 0 1.0000 0 1.0000 1209 1538307 1000000.0000 60.481380 659.0000 250 659.0000 659.0000 1 3.4400 0.0000 8 2 37.3827 7 2 36.7967 1 2 22.3806 0 1.0000 0 1.0000 1210 1538308 1000000.0000 60.481950 653.0000 250 653.0000 653.0000 1 0.0000 0.0000 7 2 39.1664 8 2 38.6371 9 2 22.1965 0 1.0000 0 1.0000 1211 1544193 1000000.0000 60.375670
30.8177 7 1 21.3029 0 1.0000 0 1.0000 1258 1549060 1000000.0000 60.399640 728.0000 249 728.0000 728.0000 1 0.0000 0.0000 6 2 51.0949 8 2 30.4745 7 2 18.4307 0 1.0000 0 1.0000 1259 1549061 1000000.0000 60.400220 735.0000 249 735.0000 735.0000 1 0.0000 0.0000 8 2 50.5914 7 2 28.9627 1 2 20.4459 0 1.0000 0 1.0000 1260 1549062 1000000.0000 60.400790 717.0000 249 717.0000 717.0000 1 12.0100 0.0000 8 2 42.0710 1 2 23.3372 7 2 22.5818 0 1.0000 0
7 5 47.3312 8 5 32.2210 1 5 20.4479 0 1.0000 0 1.0000 1308 1552562 1000000.0000 60.316290 896.0000 248 896.0000 896.0000 1 0.0000 0.0000 1 5 49.6557 7 5 26.4886 8 5 23.8557 0 1.0000 0 1.0000 1309 1552563 1000000.0000 60.317070 916.0000 247 916.0000 916.0000 1 0.0000 0.0000 1 5 47.9313 7 5 35.5815 15 5 16.4872 0 1.0000 0 1.0000 1310 1552564 1000000.0000 60.317850 1003.0000 247 1003.0000 1003.0000 1 4.1600 0.0000 4 2 41.5937 15 2 36.1301 0
904.0000 904.0000 1 0.0000 0.0000 7 2 55.8265 8 2 25.5769 4 2 18.5966 0 1.0000 0 1.0000 1358 1554955 1000000.0000 60.300750 974.0000 247 974.0000 974.0000 1 0.0000 0.0000 4 2 59.1580 1 2 21.0201 15 2 19.8218 0 1.0000 0 1.0000 1359 1554956 1000000.0000 60.301530 1059.0000 247 1059.0000 1059.0000 1 0.0000 0.0000 0 2 51.5622 4 2 41.8408 1 2 6.5970 0 1.0000 0 1.0000 1360 1554957 1000000.0000 60.302300 1089.0000 247 1089.0000 1089.0000 1 10.1000 0.0000 0 2
1557344 1000000.0000 60.282110 792.0000 248 792.0000 792.0000 1 0.0000 0.0000 7 2 50.7094 8 2 40.3324 9 2 8.9582 0 1.0000 0 1.0000 1408 1557345 1000000.0000 60.282890 1005.0000 247 1005.0000 1005.0000 1 0.0000 0.0000 7 2 42.3495 0 2 41.9827 6 2 15.6678 0 1.0000 0 1.0000 1409 1557346 1000000.0000 60.283660 1108.0000 247 1108.0000 1108.0000 1 0.0000 0.0000 4 2 73.0178 0 2 24.8753 1 2 2.1069 0 1.0000 0 1.0000 1410 1557347 1000000.0000 60.284430 968.0000 247 968.0000 968.0000
0 1.0000 0 1.0000 1457 1559621 1000000.0000 60.161200 1407.0000 246 1407.0000 1407.0000 1 6.9900 0.0000 4 2 68.0600 5 2 24.9500 2 2 0.0000 0 1.0000 0 1.0000 1458 1559622 1000000.0000 60.162250 1388.0000 246 1388.0000 1388.0000 1 0.6500 0.0000 4 2 80.0000 5 2 19.2000 1 2 0.1500 0 1.0000 0 1.0000 1459 1559728 1000000.0000 60.259550 965.0000 247 965.0000 965.0000 1 2.3800 0.0000 7 2 46.4223 6 2 26.1440 0 2 25.0537 0 1.0000 0 1.0000 1460 1559729 1000000.0000
5 19.5497 6 5 13.9763 0 1.0000 0 1.0000 1507 1560937 1000000.0000 60.261430 977.0000 247 977.0000 977.0000 1 0.0000 0.0000 7 2 41.5013 4 2 40.9981 6 2 17.5006 0 1.0000 0 1.0000 1508 1561007 1000000.0000 60.308350 481.0000 253 481.0000 481.0000 0 9.8100 0.0000 7 2 33.0427 8 2 30.4739 9 2 26.6734 0 1.0000 0 1.0000 1509 1561008 1000000.0000 60.308940 426.0000 254 426.0000 426.0000 0 5.9300 0.0000 8 2 46.2941 7 2 24.8758 12 2 22.9001 0 1.0000
0.0000 7 1 45.6104 6 1 39.2522 8 1 13.5274 0 1.0000 0 1.0000 1557 1562214 1000000.0000 60.306240 539.0000 252 539.0000 539.0000 0 6.6000 0.0000 7 2 53.5681 8 2 29.5063 6 2 10.3256 0 1.0000 0 1.0000 1558 1562215 1000000.0000 60.306790 593.0000 251 593.0000 593.0000 0 0.0000 0.0000 7 2 46.0962 8 2 34.5721 6 2 19.3317 0 1.0000 0 1.0000 1559 1562216 1000000.0000 60.307340 566.0000 252 566.0000 566.0000 0 3.4100 0.0000 8 2 43.8409 7 2 29.2921
246 1237.0000 1237.0000 1 22.5300 0.0000 4 2 66.5700 1 2 7.7800 5 2 3.1200 0 1.0000 0 1.0000 1607 1564391 1000000.0000 60.115030 1286.0000 246 1286.0000 1286.0000 1 4.0300 0.0000 4 2 95.6200 5 2 0.3500 2 2 0.0000 0 1.0000 0 1.0000 1608 1564392 1000000.0000 60.116100 1348.0000 246 1348.0000 1348.0000 1 1.6100 0.0000 4 2 89.7600 5 2 8.6300 2 2 0.0000 0 1.0000 0 1.0000 1609 1564393 1000000.0000 60.117160 1339.0000 246 1339.0000 1339.0000 1 15.9300 0.0000 4
1656 1565583 1000000.0000 60.102910 1455.0000 246 1455.0000 1455.0000 1 0.0000 0.0000 5 2 59.8600 4 2 40.1400 2 2 0.0000 0 1.0000 0 1.0000 1657 1565584 1000000.0000 60.103990 1451.0000 246 1451.0000 1451.0000 1 0.0000 0.0000 4 2 52.1300 5 2 47.7800 1 2 0.0900 0 1.0000 0 1.0000 1658 1565585 1000000.0000 60.105060 1211.0000 246 1211.0000 1211.0000 1 3.1800 0.0000 4 2 74.4500 1 2 16.5100 5 2 5.8600 0 1.0000 0 1.0000 1659 1565586 1000000.0000 60.106130 1221.0000 246 1221.0000
26.3303 0 1.0000 0 1.0000 1706 1565799 1000000.0000 60.279370 355.0000 256 355.0000 355.0000 0 0.0000 0.0000 7 1 37.8495 8 1 36.4158 6 1 25.7348 0 1.0000 0 1.0000 1707 1565800 1000000.0000 60.279920 344.0000 256 344.0000 344.0000 0 0.0000 0.0000 8 1 41.6164 9 1 33.5746 7 1 24.8090 0 1.0000 0 1.0000 1708 1565801 1000000.0000 60.280480 328.0000 257 328.0000 328.0000 0 0.0000 0.0000 8 2 43.5014 7 2 36.8932 6 2 19.6054 0 1.0000 0 1.0000 1709 1565802
