Hbv_Drammen_grid_netcdf_penman_monteith/hbv_landscape.txt
ncols         1195
nrows         1550
xllcorner     -75000
yllcorner     6.45e+06
cellsize      1000
NODATA_value  -9999
[rows 0 to 34 of 55, columns 790 to 868 of 1195]
2 8.0900 2 2 0.0000 0 1.0000 0 1.0000 33 1352956 1000000.0000 61.771430 1880.0000 246 1880.0000 1880.0000 2 0.0000 3.7000 5 2 96.3000 1 2 0.0000 2 2 0.0000 0 1.0000 0 1.0000 34 1352957 1000000.0000 61.772360 1796.0000 246 1796.0000 1796.0000 2 0.0000 42.5500 5 2 57.4500 1 2 0.0000 2 2 0.0000 0 1.0000 0 1.0000 35 1352958 1000000.0000 61.773300 1577.0000 246 1577.0000 1577.0000 2 8.3100 4.7800 5 2 78.7600 4 2 8.1500 2 2 0.0000 0 1.0000
0.0000 4 1 79.7100 5 1 11.5100 0 1 8.7800 0 1.0000 0 1.0000 83 1355355 1000000.0000 61.761920 1230.0000 246 1230.0000 1230.0000 2 0.0000 0.0000 4 2 81.3229 15 2 11.5193 14 2 7.1579 0 1.0000 0 1.0000 84 1355356 1000000.0000 61.762830 809.0000 247 809.0000 809.0000 2 0.6900 0.0000 16 2 46.6456 17 2 27.6288 15 2 25.0356 0 1.0000 0 1.0000 85 1355357 1000000.0000 61.763740 492.0000 250 492.0000 492.0000 2 15.0600 0.0000 3 3 52.1780 16 3 17.7552
246 1456.0000 1456.0000 2 0.0000 0.0000 4 2 95.2100 5 2 4.7900 2 2 0.0000 0 1.0000 0 1.0000 133 1357736 1000000.0000 61.735770 1358.0000 246 1358.0000 1358.0000 2 0.0000 0.0000 4 2 100.0000 1 2 0.0000 2 2 0.0000 0 1.0000 0 1.0000 134 1357737 1000000.0000 61.736710 1277.0000 246 1277.0000 1277.0000 2 0.0000 0.0000 4 2 94.1000 1 2 5.9000 2 2 0.0000 0 1.0000 0 1.0000 135 1357738 1000000.0000 61.737640 1187.0000 246 1187.0000 1187.0000 2 0.0000 0.0000 4
182 1360117 1000000.0000 61.709430 1516.0000 246 1516.0000 1516.0000 1 2.4300 0.0000 5 2 97.5700 1 2 0.0000 2 2 0.0000 0 1.0000 0 1.0000 183 1360118 1000000.0000 61.710380 1543.0000 246 1543.0000 1543.0000 1 1.0300 0.0000 5 2 98.9700 1 2 0.0000 2 2 0.0000 0 1.0000 0 1.0000 184 1360119 1000000.0000 61.711340 1615.0000 246 1615.0000 1615.0000 2 4.0200 0.0000 5 2 95.9800 1 2 0.0000 2 2 0.0000 0 1.0000 0 1.0000 185 1360120 1000000.0000 61.712290 1552.0000 246 1552.0000
9.1240 0 1.0000 0 1.0000 232 1361332 1000000.0000 61.719150 888.0000 247 888.0000 888.0000 1 0.0000 0.0000 16 1 57.3595 13 1 30.6953 15 1 11.9453 0 1.0000 0 1.0000 233 1361333 1000000.0000 61.720060 819.0000 247 819.0000 819.0000 1 0.0000 0.0000 13 1 56.8582 16 1 23.9574 12 1 19.1844 0 1.0000 0 1.0000 234 1361334 1000000.0000 61.720960 1134.0000 246 1134.0000 1134.0000 1 0.0000 0.0000 4 1 47.3305 15 1 26.5815 16 1 26.0880 0 1.0000 0 1.0000 235 1361335
1 2 3.8000 0 2 1.5300 0 1.0000 0 1.0000 282 1363705 1000000.0000 61.685550 1326.0000 246 1326.0000 1326.0000 1 1.4800 0.0000 4 2 81.2700 0 2 15.7500 5 2 1.5000 0 1.0000 0 1.0000 283 1363706 1000000.0000 61.686500 1258.0000 246 1258.0000 1258.0000 1 0.0000 0.0000 4 2 94.0700 0 2 3.9300 1 2 2.0000 0 1.0000 0 1.0000 284 1363707 1000000.0000 61.687450 1061.0000 247 1061.0000 1061.0000 1 0.0000 0.0000 4 2 35.9409 16 2 32.1490 0 2 31.9101 0
0.0000 0.0000 5 2 74.2900 4 2 25.7100 2 2 0.0000 0 1.0000 0 1.0000 332 1364914 1000000.0000 61.689670 1610.0000 246 1610.0000 1610.0000 1 0.0000 0.0000 5 1 60.1600 4 1 39.8400 2 1 0.0000 0 1.0000 0 1.0000 333 1364915 1000000.0000 61.690580 1661.0000 246 1661.0000 1661.0000 1 0.0000 0.0000 5 2 88.9500 4 2 11.0500 2 2 0.0000 0 1.0000 0 1.0000 334 1364916 1000000.0000 61.691490 1527.0000 246 1527.0000 1527.0000 1 0.0000 0.0000 4 2 66.6200 5 2
1214.0000 246 1214.0000 1214.0000 1 10.4000 0.0000 5 2 46.1235 4 2 41.8321 0 2 1.6444 0 1.0000 0 1.0000 382 1367282 1000000.0000 61.651150 1299.0000 246 1299.0000 1299.0000 1 6.5000 0.0000 4 2 60.4000 5 2 33.1000 2 2 0.0000 0 1.0000 0 1.0000 383 1367283 1000000.0000 61.652120 1157.0000 246 1157.0000 1157.0000 1 0.0500 0.0000 4 2 78.9697 5 2 15.6062 15 2 5.3741 0 1.0000 0 1.0000 384 1367284 1000000.0000 61.653080 1019.0000 247 1019.0000 1019.0000 1 1.2000 0.0000
1.0000 431 1368489 1000000.0000 61.653680 952.0000 247 952.0000 952.0000 1 10.6000 0.0000 4 1 80.0418 15 1 6.2477 0 1 3.1105 0 1.0000 0 1.0000 432 1368490 1000000.0000 61.654610 1341.0000 246 1341.0000 1341.0000 1 0.0000 0.0000 5 2 53.7100 4 2 44.7800 0 2 1.5100 0 1.0000 0 1.0000 433 1368491 1000000.0000 61.655540 1515.0000 246 1515.0000 1515.0000 1 0.0000 3.2600 5 2 95.7300 4 2 1.0100 2 2 0.0000 0 1.0000 0 1.0000 434 1368492 1000000.0000 61.656480 1838.0000 246
2 0.0000 0 1.0000 0 1.0000 481 1369703 1000000.0000 61.662110 2091.0000 246 2091.0000 2091.0000 1 0.0000 82.1000 5 2 17.9000 1 2 0.0000 2 2 0.0000 0 1.0000 0 1.0000 482 1370869 1000000.0000 61.626350 1291.0000 246 1291.0000 1291.0000 1 0.1300 0.0000 4 2 57.9400 5 2 37.2200 0 2 4.7100 0 1.0000 0 1.0000 483 1370870 1000000.0000 61.627310 1145.0000 246 1145.0000 1145.0000 1 2.9300 0.0000 4 2 47.3300 0 2 30.0800 5 2 19.6600 0 1.0000 0 1.0000 484
49.5800 4 2 1.0800 2 2 0.0000 0 1.0000 0 1.0000 531 1372082 1000000.0000 61.634340 2229.0000 246 2229.0000 2229.0000 1 0.0000 46.6400 5 2 53.3600 1 2 0.0000 2 2 0.0000 0 1.0000 0 1.0000 532 1372083 1000000.0000 61.635260 1962.0000 246 1962.0000 1962.0000 1 0.0000 32.4200 5 2 67.5800 1 2 0.0000 2 2 0.0000 0 1.0000 0 1.0000 533 1372084 1000000.0000 61.636170 1826.0000 246 1826.0000 1826.0000 1 0.0000 18.1300 5 2 80.3000 4 2 1.5700 2 2 0.0000
1 2.3400 0.0000 4 2 87.5055 5 2 7.9962 1 2 2.1583 0 1.0000 0 1.0000 581 1374464 1000000.0000 61.609110 1241.0000 246 1241.0000 1241.0000 1 0.0000 0.0000 5 2 50.2100 4 2 47.4400 1 2 2.3500 0 1.0000 0 1.0000 582 1374465 1000000.0000 61.610040 1394.0000 246 1394.0000 1394.0000 1 0.0000 0.0000 5 1 88.9400 4 1 11.0600 2 1 0.0000 0 1.0000 0 1.0000 583 1374466 1000000.0000 61.610970 1809.0000 246 1809.0000 1809.0000 1 0.0000 19.1100 5 2 78.1000 4
61.583720 1432.0000 246 1432.0000 1432.0000 1 0.0000 0.0000 4 2 89.1900 5 2 9.9400 0 2 0.8700 0 1.0000 0 1.0000 631 1376847 1000000.0000 61.584670 1580.0000 246 1580.0000 1580.0000 1 0.0000 0.0000 5 2 76.0500 4 2 23.9500 2 2 0.0000 0 1.0000 0 1.0000 632 1376848 1000000.0000 61.585620 1742.0000 246 1742.0000 1742.0000 1 0.0000 0.0000 5 2 89.1600 4 2 10.8400 2 2 0.0000 0 1.0000 0 1.0000 633 1376849 1000000.0000 61.586570 1796.0000 246 1796.0000 1796.0000 1 9.8100
0 1.0000 680 1378062 1000000.0000 61.594300 2134.0000 246 2134.0000 2134.0000 1 0.0000 27.9700 5 2 67.6900 4 2 4.3400 2 2 0.0000 0 1.0000 0 1.0000 681 1378063 1000000.0000 61.595200 2277.0000 246 2277.0000 2277.0000 1 0.0000 74.1900 5 2 25.8100 1 2 0.0000 2 2 0.0000 0 1.0000 0 1.0000 682 1378064 1000000.0000 61.596100 1922.0000 246 1922.0000 1922.0000 1 0.0000 82.2600 5 2 14.8900 4 2 2.8500 2 2 0.0000 0 1.0000 0 1.0000 683 1379234 1000000.0000 61.563980 1424.0000
2 2 0.0000 0 1.0000 0 1.0000 730 1380451 1000000.0000 61.575560 1955.0000 246 1955.0000 1955.0000 1 0.0000 13.4600 5 2 86.5400 1 2 0.0000 2 2 0.0000 0 1.0000 0 1.0000 731 1380452 1000000.0000 61.576460 1555.0000 246 1555.0000 1555.0000 1 0.0000 15.3900 5 2 80.2000 4 2 4.4100 2 2 0.0000 0 1.0000 0 1.0000 732 1380453 1000000.0000 61.577360 2036.0000 246 2036.0000 2036.0000 1 0.0000 27.1000 5 2 72.9000 1 2 0.0000 2 2 0.0000 0 1.0000 0 1.0000
2 82.6000 4 2 7.5300 2 2 0.0000 0 1.0000 0 1.0000 780 1384032 1000000.0000 61.545180 1582.0000 246 1582.0000 1582.0000 1 24.2300 4.6300 5 2 68.7900 4 2 2.3500 2 2 0.0000 0 1.0000 0 1.0000 781 1384033 1000000.0000 61.546090 1881.0000 246 1881.0000 1881.0000 1 3.0900 0.0000 5 2 91.7900 4 2 5.1200 2 2 0.0000 0 1.0000 0 1.0000 782 1384034 1000000.0000 61.547000 1521.0000 246 1521.0000 1521.0000 1 11.1300 0.0000 5 2 86.6100 4 2 2.2600 2 2
1213.0000 1 0.0000 0.0000 4 2 79.5507 0 2 13.8970 16 2 6.5524 0 1.0000 0 1.0000 830 1465276 1000000.0000 60.924160 983.0000 247 983.0000 983.0000 1 4.4000 0.0000 4 2 47.4737 1 2 34.3352 16 2 13.7911 0 1.0000 0 1.0000 831 1465277 1000000.0000 60.925090 993.0000 247 993.0000 993.0000 1 2.2600 0.0000 1 5 38.1214 15 5 32.9695 4 5 26.6491 0 1.0000 0 1.0000 832 1465278 1000000.0000 60.926010 1110.0000 247 1110.0000 1110.0000 1 0.0000 0.0000 4 1 61.4432
1000000.0000 60.899270 954.0000 247 954.0000 954.0000 1 3.4800 0.0000 15 1 42.4338 16 1 30.3224 1 1 23.7637 0 1.0000 0 1.0000 880 1468864 1000000.0000 60.900190 965.0000 247 965.0000 965.0000 1 4.4200 0.0000 0 1 34.2340 15 1 31.8569 4 1 29.4891 0 1.0000 0 1.0000 881 1468865 1000000.0000 60.901110 945.0000 247 945.0000 945.0000 1 3.0900 0.0000 4 1 48.0550 0 1 27.1626 15 1 21.6924 0 1.0000 0 1.0000 882 1468866 1000000.0000 60.902030 900.0000 247 900.0000 900.0000 1
1.0000 0 1.0000 929 1479787 1000000.0000 60.939110 620.0000 249 620.0000 620.0000 1 0.0000 0.0000 1 5 66.6139 11 5 22.7531 7 5 10.6330 0 1.0000 0 1.0000 930 1480975 1000000.0000 60.926590 641.0000 249 641.0000 641.0000 1 0.0000 0.0000 7 1 64.1899 8 1 23.2296 6 1 12.5805 0 1.0000 0 1.0000 931 1480976 1000000.0000 60.927100 579.0000 249 579.0000 579.0000 1 0.0000 0.0000 1 1 48.3771 7 1 36.9780 0 1 14.6450 0 1.0000 0 1.0000 932 1480977 1000000.0000 60.927620
36.7246 8 1 18.9615 0 1.0000 0 1.0000 979 1501192 1000000.0000 60.712030 811.0000 248 811.0000 811.0000 1 5.2000 0.0000 7 1 49.8336 1 1 25.5262 8 1 19.4401 0 1.0000 0 1.0000 980 1502375 1000000.0000 60.693840 991.0000 247 991.0000 991.0000 1 14.9700 0.0000 15 2 43.1790 7 2 20.9255 16 2 20.9255 0 1.0000 0 1.0000 981 1502376 1000000.0000 60.694630 929.0000 247 929.0000 929.0000 1 0.1400 0.0000 7 2 48.4180 8 2 43.1175 15 2 8.3245 0 1.0000 0
1 1 45.1087 7 1 44.5305 8 1 10.3608 0 1.0000 0 1.0000 1029 1505970 1000000.0000 60.674770 936.0000 247 936.0000 936.0000 1 0.0000 0.0000 1 2 58.6244 7 2 28.6559 6 2 12.7197 0 1.0000 0 1.0000 1030 1505971 1000000.0000 60.675530 922.0000 247 922.0000 922.0000 1 0.0000 0.0000 1 5 53.3812 7 5 35.7686 8 5 10.8502 0 1.0000 0 1.0000 1031 1507160 1000000.0000 60.662000 868.0000 247 868.0000 868.0000 1 0.0000 0.0000 7 2 50.2774 1 2 43.1413 8
340.0000 340.0000 1 0.0000 0.0000 3 1 53.3150 9 1 25.4280 7 1 21.2570 0 1.0000 0 1.0000 1079 1515601 1000000.0000 60.650920 317.0000 254 317.0000 317.0000 1 0.0000 0.0000 3 1 80.3105 2 1 12.0689 14 1 7.6206 0 1.0000 0 1.0000 1080 1515602 1000000.0000 60.651500 276.0000 255 276.0000 276.0000 1 0.0000 0.0000 3 1 54.9494 2 1 42.1121 0 1 2.9385 0 1.0000 0 1.0000 1081 1515603 1000000.0000 60.652080 257.0000 256 257.0000 257.0000 1 0.0000 0.0000 3 1
1522769 1000000.0000 60.596030 427.0000 253 427.0000 427.0000 1 0.0000 0.0000 3 1 53.2887 9 1 28.2290 6 1 18.4823 0 1.0000 0 1.0000 1129 1522770 1000000.0000 60.596610 415.0000 253 415.0000 415.0000 1 0.0000 0.0000 3 1 89.8912 2 1 5.2547 1 1 4.8540 0 1.0000 0 1.0000 1130 1522771 1000000.0000 60.597200 398.0000 253 398.0000 398.0000 1 0.0000 0.0000 3 1 86.0200 2 1 12.2100 0 1 1.7700 0 1.0000 0 1.0000 1131 1522772 1000000.0000 60.597780 378.0000 253 378.0000 378.0000
0 1.0000 0 1.0000 1178 1532334 1000000.0000 60.527300 599.0000 251 599.0000 599.0000 1 6.7800 0.0000 1 5 50.4959 6 5 24.7756 8 5 17.9485 0 1.0000 0 1.0000 1179 1533524 1000000.0000 60.515450 531.0000 252 531.0000 531.0000 1 0.0000 0.0000 8 2 53.3394 7 2 29.5350 1 2 17.1256 0 1.0000 0 1.0000 1180 1533525 1000000.0000 60.516030 571.0000 251 571.0000 571.0000 1 0.0000 0.0000 8 2 42.7806 7 2 34.0600 9 2 23.1594 0 1.0000 0 1.0000 1181 1533526 1000000.0000
2 13.3077 1 2 11.6116 0 1.0000 0 1.0000 1228 1546668 1000000.0000 60.416380 651.0000 250 651.0000 651.0000 1 1.9400 0.0000 7 2 48.5144 8 2 33.1497 1 2 16.3959 0 1.0000 0 1.0000 1229 1546669 1000000.0000 60.416960 569.0000 251 569.0000 569.0000 1 0.0000 0.0000 1 1 40.4865 8 1 36.5676 7 1 22.9459 0 1.0000 0 1.0000 1230 1546670 1000000.0000 60.417550 590.0000 251 590.0000 590.0000 1 20.1500 0.0000 1 1 38.2064 6 1 24.6365 8 1 17.0071 0 1.0000
0.0000 8 2 51.0020 7 2 24.5826 1 2 24.4154 0 1.0000 0 1.0000 1278 1551359 1000000.0000 60.318890 1151.0000 247 1151.0000 1151.0000 0 7.8900 0.0000 4 2 55.6944 0 2 31.9612 1 2 4.4544 0 1.0000 0 1.0000 1279 1551360 1000000.0000 60.319690 1082.0000 247 1082.0000 1082.0000 0 12.4800 0.0000 4 2 59.7676 0 2 16.0778 1 2 11.6747 0 1.0000 0 1.0000 1280 1551361 1000000.0000 60.320490 1070.0000 247 1070.0000 1070.0000 0 18.3900 0.0000 4 2 57.8700 0 2 19.9900
248 877.0000 877.0000 1 0.0000 0.0000 7 2 49.5405 8 2 35.1295 15 2 15.3300 0 1.0000 0 1.0000 1328 1553755 1000000.0000 60.305790 762.0000 248 762.0000 762.0000 1 1.7000 0.0000 7 2 46.9098 8 2 28.8986 11 2 22.4916 0 1.0000 0 1.0000 1329 1553756 1000000.0000 60.306580 873.0000 248 873.0000 873.0000 1 0.0000 0.0000 7 5 55.3909 1 5 22.3206 8 5 22.2885 0 1.0000 0 1.0000 1330 1553757 1000000.0000 60.307360 928.0000 247 928.0000 928.0000 1 0.0000 0.0000 1
1377 1556145 1000000.0000 60.287920 850.0000 248 850.0000 850.0000 1 0.0000 0.0000 7 2 52.8155 8 2 42.2466 6 2 4.9379 0 1.0000 0 1.0000 1378 1556146 1000000.0000 60.288710 632.0000 250 632.0000 632.0000 1 0.0000 0.0000 11 2 42.3303 7 2 30.1760 12 2 27.4937 0 1.0000 0 1.0000 1379 1556147 1000000.0000 60.289490 644.0000 249 644.0000 644.0000 1 0.0000 0.0000 8 1 41.8057 7 1 32.1394 6 1 26.0550 0 1.0000 0 1.0000 1380 1556148 1000000.0000 60.290270 776.0000 248 776.0000
22.6482 0 1.0000 0 1.0000 1427 1557430 1000000.0000 60.339820 642.0000 251 642.0000 642.0000 0 0.0000 0.0000 8 2 50.3298 7 2 33.6679 9 2 16.0023 0 1.0000 0 1.0000 1428 1557431 1000000.0000 60.340380 644.0000 251 644.0000 644.0000 0 0.0000 0.0000 7 2 39.1237 8 2 32.8741 1 2 28.0021 0 1.0000 0 1.0000 1429 1558534 1000000.0000 60.269270 1036.0000 247 1036.0000 1036.0000 1 1.8200 0.0000 4 2 77.4168 0 2 12.4494 15 2 8.3138 0 1.0000 0 1.0000 1430 1558535
10 2 9.9808 7 2 7.8572 0 1.0000 0 1.0000 1477 1559813 1000000.0000 60.317890 435.0000 254 435.0000 435.0000 1 2.9700 0.0000 8 2 43.2171 9 2 30.7082 7 2 23.1047 0 1.0000 0 1.0000 1478 1559814 1000000.0000 60.318470 476.0000 253 476.0000 476.0000 0 3.0000 0.0000 8 1 46.4855 9 1 32.3622 13 1 18.1523 0 1.0000 0 1.0000 1479 1559815 1000000.0000 60.319050 479.0000 253 479.0000 479.0000 0 2.9100 0.0000 8 1 44.6439 12 1 27.4234 13 1 25.0227 0
20.7700 0.0000 4 2 55.3000 5 2 23.9300 2 2 0.0000 0 1.0000 0 1.0000 1527 1562011 1000000.0000 60.143410 1332.0000 246 1332.0000 1332.0000 1 16.6300 0.0000 4 2 71.1300 5 2 10.4700 1 2 1.7700 0 1.0000 0 1.0000 1528 1562012 1000000.0000 60.144450 1336.0000 246 1336.0000 1336.0000 1 17.2100 0.0000 4 2 78.6700 1 2 2.1800 5 2 1.9400 0 1.0000 0 1.0000 1529 1562013 1000000.0000 60.145490 1409.0000 246 1409.0000 1409.0000 1 6.4600 0.0000 4 2 65.4200 5 2
776.0000 248 776.0000 776.0000 1 0.0000 0.0000 7 2 53.8675 8 2 33.3025 6 2 12.8300 0 1.0000 0 1.0000 1577 1563316 1000000.0000 60.235110 648.0000 249 648.0000 648.0000 1 0.0000 0.0000 7 1 44.0035 6 1 28.8611 8 1 27.1355 0 1.0000 0 1.0000 1578 1563317 1000000.0000 60.235890 601.0000 250 601.0000 601.0000 1 0.0000 0.0000 7 2 42.8032 6 2 28.7873 8 2 28.4095 0 1.0000 0 1.0000 1579 1563318 1000000.0000 60.236660 549.0000 251 549.0000 549.0000 1 0.0000 0.0000
1.0000 1626 1564510 1000000.0000 60.225390 865.0000 248 865.0000 865.0000 1 2.7000 0.0000 7 2 57.8437 4 2 23.2381 8 2 16.2182 0 1.0000 0 1.0000 1627 1564511 1000000.0000 60.226170 741.0000 249 741.0000 741.0000 1 0.0000 0.0000 7 2 53.8036 8 2 34.6819 11 2 11.5145 0 1.0000 0 1.0000 1628 1564512 1000000.0000 60.226950 661.0000 249 661.0000 661.0000 1 0.0000 0.0000 7 2 42.1375 8 2 34.5104 6 2 23.3522 0 1.0000 0 1.0000 1629 1564513 1000000.0000 60.227730 578.0000 250
2 4.3200 0 1.0000 0 1.0000 1676 1565603 1000000.0000 60.123970 1360.0000 246 1360.0000 1360.0000 1 6.6500 0.0000 4 2 92.1400 1 2 1.1700 5 2 0.0400 0 1.0000 0 1.0000 1677 1565604 1000000.0000 60.125000 1324.0000 246 1324.0000 1324.0000 1 41.7000 0.0000 4 2 56.7300 5 2 1.5700 2 2 0.0000 0 1.0000 0 1.0000 1678 1565605 1000000.0000 60.126030 1326.0000 246 1326.0000 1326.0000 1 20.9200 0.0000 4 2 78.2200 5 2 0.8600 2 2 0.0000 0 1.0000 0 1.0000 1679
88.6700 5 2 7.6200 2 2 0.0000 0 1.0000 0 1.0000 1726 1566790 1000000.0000 60.106770 1334.0000 246 1334.0000 1334.0000 1 0.5400 0.0000 4 2 90.0500 5 2 9.4100 2 2 0.0000 0 1.0000 0 1.0000 1727 1566791 1000000.0000 60.107810 1338.0000 246 1338.0000 1338.0000 1 7.4900 0.0000 4 2 77.5100 5 2 15.0000 2 2 0.0000 0 1.0000 0 1.0000 1728 1566792 1000000.0000 60.108860 1389.0000 246 1389.0000 1389.0000 1 1.8800 0.0000 4 2 88.4300 5 2 9.6900 2 2 0.0000
