Hbv_Drammen_grid_netcdf_penman_monteith/hbv_landscape.txt
ncols         1195
nrows         1550
xllcorner     -75000
yllcorner     6.45e+06
cellsize      1000
NODATA_value  -9999
[rows 0 to 34 of 55, columns 1106 to 1184 of 1195]
25.9203 0 1.0000 0 1.0000 46 1352969 1000000.0000 61.783390 509.0000 250 509.0000 509.0000 2 8.6500 0.0000 16 3 46.4758 17 3 31.6333 3 3 13.2408 0 1.0000 0 1.0000 47 1352970 1000000.0000 61.784290 957.0000 247 957.0000 957.0000 2 0.4500 0.0000 16 2 49.7907 15 2 41.1834 17 2 8.5759 0 1.0000 0 1.0000 48 1352971 1000000.0000 61.785190 1117.0000 246 1117.0000 1117.0000 2 0.0000 0.0000 4 2 89.8454 15 2 5.2036 0 2 4.9510 0 1.0000 0 1.0000 49 1352972
1 2 0.0000 2 2 0.0000 0 1.0000 0 1.0000 96 1356535 1000000.0000 61.739030 2073.0000 246 2073.0000 2073.0000 1 0.0000 46.9400 5 2 53.0600 1 2 0.0000 2 2 0.0000 0 1.0000 0 1.0000 97 1356536 1000000.0000 61.739970 2109.0000 246 2109.0000 2109.0000 1 0.0000 33.1900 5 2 66.8100 1 2 0.0000 2 2 0.0000 0 1.0000 0 1.0000 98 1356537 1000000.0000 61.740920 2032.0000 246 2032.0000 2032.0000 1 0.0000 64.1000 5 2 35.9000 1 2 0.0000 2 2 0.0000 0
0.0000 0.0000 15 2 45.4482 16 2 35.4918 4 2 19.0600 0 1.0000 0 1.0000 146 1357749 1000000.0000 61.747710 1187.0000 246 1187.0000 1187.0000 1 6.1600 0.0000 4 2 92.7721 15 2 0.6910 14 2 0.3769 0 1.0000 0 1.0000 147 1357750 1000000.0000 61.748620 1281.0000 246 1281.0000 1281.0000 1 0.0000 0.0000 4 2 99.6600 5 2 0.3400 2 2 0.0000 0 1.0000 0 1.0000 148 1357751 1000000.0000 61.749520 1550.0000 246 1550.0000 1550.0000 1 0.0000 0.0000 4 2 53.2100 5 2
782.0000 248 782.0000 782.0000 2 3.3600 0.0000 15 2 40.6473 16 2 37.0777 3 2 18.9150 0 1.0000 0 1.0000 196 1360131 1000000.0000 61.722580 769.0000 248 769.0000 769.0000 2 0.6200 0.0000 13 2 39.8277 16 2 35.5706 15 2 23.9818 0 1.0000 0 1.0000 197 1360132 1000000.0000 61.723510 767.0000 248 767.0000 767.0000 2 0.0000 0.0000 15 2 43.5927 16 2 40.2245 11 2 16.1827 0 1.0000 0 1.0000 198 1360133 1000000.0000 61.724420 677.0000 248 677.0000 677.0000 2 1.6800 0.0000
1.0000 245 1362508 1000000.0000 61.692560 1484.0000 246 1484.0000 1484.0000 1 4.8300 0.0000 5 2 71.0100 4 2 24.1600 2 2 0.0000 0 1.0000 0 1.0000 246 1362509 1000000.0000 61.693520 1545.0000 246 1545.0000 1545.0000 1 0.0000 0.0000 4 2 53.9900 5 2 46.0100 2 2 0.0000 0 1.0000 0 1.0000 247 1362510 1000000.0000 61.694470 1387.0000 246 1387.0000 1387.0000 1 0.0000 0.0000 4 2 83.7700 5 2 10.3900 0 2 5.8400 0 1.0000 0 1.0000 248 1362511 1000000.0000 61.695410 1338.0000 246
2 17.8399 0 1.0000 0 1.0000 295 1363718 1000000.0000 61.697670 1234.0000 246 1234.0000 1234.0000 1 0.0000 0.0000 4 1 86.8357 0 1 8.5264 15 1 4.6380 0 1.0000 0 1.0000 296 1363719 1000000.0000 61.698590 1373.0000 246 1373.0000 1373.0000 1 0.0000 0.0000 4 1 99.6246 14 1 0.2553 10 1 0.1201 0 1.0000 0 1.0000 297 1363720 1000000.0000 61.699500 1542.0000 246 1542.0000 1542.0000 1 0.0000 0.0000 4 1 56.7000 5 1 43.3000 2 1 0.0000 0 1.0000 0 1.0000 298
80.1000 4 2 15.0500 2 2 0.0000 0 1.0000 0 1.0000 345 1366085 1000000.0000 61.658120 1400.0000 246 1400.0000 1400.0000 1 1.2600 0.0000 5 2 77.7200 4 2 20.8500 2 2 0.1700 0 1.0000 0 1.0000 346 1366086 1000000.0000 61.659090 1397.0000 246 1397.0000 1397.0000 1 1.5900 0.0000 4 2 68.5200 5 2 29.5300 2 2 0.3600 0 1.0000 0 1.0000 347 1366087 1000000.0000 61.660060 1381.0000 246 1381.0000 1381.0000 1 7.0500 0.0000 4 2 87.8800 5 2 5.0700 2 2 0.0000
1 1.0200 0.0000 15 2 53.3604 4 2 34.9392 16 2 10.6804 0 1.0000 0 1.0000 395 1367295 1000000.0000 61.663520 1050.0000 247 1050.0000 1050.0000 1 0.0000 0.0000 4 2 67.2724 16 2 16.9884 15 2 15.7392 0 1.0000 0 1.0000 396 1367296 1000000.0000 61.664460 1197.0000 246 1197.0000 1197.0000 1 0.0000 0.0000 4 2 90.3129 5 2 8.5363 15 2 1.1508 0 1.0000 0 1.0000 397 1367297 1000000.0000 61.665390 1414.0000 246 1414.0000 1414.0000 1 0.0000 0.0000 4 2 53.5400 5
61.665650 989.0000 247 989.0000 989.0000 1 0.9900 0.0000 15 1 34.2199 4 1 33.6644 16 1 31.1258 0 1.0000 0 1.0000 445 1368503 1000000.0000 61.666550 1146.0000 246 1146.0000 1146.0000 1 0.0700 0.0000 4 2 54.7083 15 2 31.9168 16 2 13.3049 0 1.0000 0 1.0000 446 1368504 1000000.0000 61.667450 1504.0000 246 1504.0000 1504.0000 1 0.0000 0.0000 4 2 76.4500 5 2 23.5500 2 2 0.0000 0 1.0000 0 1.0000 447 1368505 1000000.0000 61.668350 1767.0000 246 1767.0000 1767.0000 1 0.0000
0 1.0000 494 1370881 1000000.0000 61.637710 2026.0000 246 2026.0000 2026.0000 1 0.0000 59.2300 5 2 38.4600 4 2 2.3100 2 2 0.0000 0 1.0000 0 1.0000 495 1370882 1000000.0000 61.638650 2161.0000 246 2161.0000 2161.0000 1 0.0000 54.0800 5 2 45.9200 1 2 0.0000 2 2 0.0000 0 1.0000 0 1.0000 496 1370883 1000000.0000 61.639580 2042.0000 246 2042.0000 2042.0000 1 0.0000 39.2900 5 2 60.4200 4 2 0.2900 2 2 0.0000 0 1.0000 0 1.0000 497 1370884 1000000.0000 61.640500 2004.0000
2 2 0.0000 0 1.0000 0 1.0000 544 1373260 1000000.0000 61.609490 1543.0000 246 1543.0000 1543.0000 1 0.0000 0.0000 5 2 71.6600 4 2 23.5500 0 2 4.7900 0 1.0000 0 1.0000 545 1373261 1000000.0000 61.610450 1030.0000 247 1030.0000 1030.0000 1 0.0000 0.0000 4 2 75.6200 0 2 22.3000 5 2 2.0800 0 1.0000 0 1.0000 546 1373262 1000000.0000 61.611400 1558.0000 246 1558.0000 1558.0000 1 0.0000 0.0000 5 2 61.7300 4 2 38.2700 2 2 0.0000 0 1.0000 0 1.0000
2 54.5200 4 2 44.2800 2 2 0.0000 0 1.0000 0 1.0000 594 1374477 1000000.0000 61.621060 1834.0000 246 1834.0000 1834.0000 1 0.0000 17.0900 5 2 80.2000 4 2 2.7100 2 2 0.0000 0 1.0000 0 1.0000 595 1374478 1000000.0000 61.621960 1871.0000 246 1871.0000 1871.0000 1 2.4800 0.0000 5 2 97.5200 1 2 0.0000 2 2 0.0000 0 1.0000 0 1.0000 596 1374479 1000000.0000 61.622860 1730.0000 246 1730.0000 1730.0000 1 14.3300 0.0000 5 2 82.8800 4 2 2.7900 2 2
1974.0000 1 0.0000 85.9500 5 2 14.0500 1 2 0.0000 2 2 0.0000 0 1.0000 0 1.0000 644 1376860 1000000.0000 61.596840 1771.0000 246 1771.0000 1771.0000 1 0.0000 90.3500 5 2 9.6500 1 2 0.0000 2 2 0.0000 0 1.0000 0 1.0000 645 1376861 1000000.0000 61.597760 1666.0000 246 1666.0000 1666.0000 1 0.0000 43.6300 5 2 53.8700 4 2 2.5000 2 2 0.0000 0 1.0000 0 1.0000 646 1376862 1000000.0000 61.598680 2066.0000 246 2066.0000 2066.0000 1 0.0000 1.2500 5 2 98.7500
1000000.0000 61.573450 1271.0000 246 1271.0000 1271.0000 1 2.7600 0.0000 4 1 85.2300 1 1 6.2500 5 1 5.7600 0 1.0000 0 1.0000 694 1379245 1000000.0000 61.574380 1424.0000 246 1424.0000 1424.0000 1 0.0000 0.0000 4 2 79.9400 5 2 20.0600 2 2 0.0000 0 1.0000 0 1.0000 695 1379246 1000000.0000 61.575310 1888.0000 246 1888.0000 1888.0000 1 0.0000 6.2100 5 2 93.5900 4 2 0.2000 2 2 0.0000 0 1.0000 0 1.0000 696 1379247 1000000.0000 61.576240 1967.0000 246 1967.0000 1967.0000 1
1.0000 0 1.0000 743 1381637 1000000.0000 61.558410 1692.0000 246 1692.0000 1692.0000 1 0.0000 4.0100 5 2 78.5600 4 2 17.4300 2 2 0.0000 0 1.0000 0 1.0000 744 1381638 1000000.0000 61.559340 1803.0000 246 1803.0000 1803.0000 1 0.0000 32.1600 5 2 65.9300 4 2 1.9100 2 2 0.0000 0 1.0000 0 1.0000 745 1381639 1000000.0000 61.560260 1840.0000 246 1840.0000 1840.0000 1 0.0000 13.3600 5 2 86.6400 1 2 0.0000 2 2 0.0000 0 1.0000 0 1.0000 746 1381640 1000000.0000 61.561180
21.4887 5 1 9.6735 0 1.0000 0 1.0000 793 1459300 1000000.0000 60.967800 1139.0000 246 1139.0000 1139.0000 1 20.5900 0.0000 4 1 56.9366 0 1 18.3693 1 1 4.1040 0 1.0000 0 1.0000 794 1460494 1000000.0000 60.957950 1407.0000 246 1407.0000 1407.0000 1 0.0000 0.0000 4 2 78.5300 5 2 16.1800 0 2 5.2900 0 1.0000 0 1.0000 795 1460495 1000000.0000 60.958890 1101.0000 247 1101.0000 1101.0000 1 0.2800 0.0000 0 1 50.8400 4 1 40.7300 1 1 8.1500 0 1.0000 0
4 2 65.5100 5 2 34.4900 2 2 0.0000 0 1.0000 0 1.0000 843 1466469 1000000.0000 60.913380 1384.0000 246 1384.0000 1384.0000 1 13.8500 0.0000 5 2 48.9000 4 2 37.2500 2 2 0.0000 0 1.0000 0 1.0000 844 1466470 1000000.0000 60.914310 1343.0000 246 1343.0000 1343.0000 1 1.8300 0.0000 4 2 73.9700 5 2 24.2000 2 2 0.0000 0 1.0000 0 1.0000 845 1466471 1000000.0000 60.915250 1281.0000 246 1281.0000 1281.0000 1 0.0000 0.0000 4 2 88.7289 0 2 8.3874 14
1576.0000 1576.0000 1 0.5200 0.0000 5 2 99.4800 1 2 0.0000 2 2 0.0000 0 1.0000 0 1.0000 893 1470057 1000000.0000 60.889430 1454.0000 246 1454.0000 1454.0000 1 0.0000 0.0000 5 2 52.1300 4 2 47.8700 2 2 0.0000 0 1.0000 0 1.0000 894 1470058 1000000.0000 60.890350 1167.0000 246 1167.0000 1167.0000 1 0.0000 0.0000 4 1 64.9416 15 1 18.8043 16 1 16.2541 0 1.0000 0 1.0000 895 1470059 1000000.0000 60.891270 1025.0000 247 1025.0000 1025.0000 1 0.0000 0.0000 15 1
1482175 1000000.0000 60.920180 482.0000 250 482.0000 482.0000 1 0.0000 0.0000 7 1 42.4528 8 1 41.5881 12 1 15.9591 0 1.0000 0 1.0000 943 1482176 1000000.0000 60.920680 521.0000 250 521.0000 521.0000 0 0.0000 0.0000 7 1 49.3901 8 1 27.2240 6 1 23.3859 0 1.0000 0 1.0000 944 1483367 1000000.0000 60.909700 506.0000 250 506.0000 506.0000 0 0.0000 0.0000 8 1 45.5994 7 1 34.7067 0 1 19.6938 0 1.0000 0 1.0000 945 1483368 1000000.0000 60.910210 482.0000 250 482.0000 482.0000
0 1.0000 0 1.0000 992 1502387 1000000.0000 60.703100 798.0000 248 798.0000 798.0000 1 16.5800 0.0000 7 1 50.7451 8 1 17.1082 1 1 15.5667 0 1.0000 0 1.0000 993 1503569 1000000.0000 60.684120 1089.0000 247 1089.0000 1089.0000 1 14.1900 0.0000 4 2 36.8996 15 2 30.8451 7 2 18.0653 0 1.0000 0 1.0000 994 1503570 1000000.0000 60.684910 960.0000 247 960.0000 960.0000 1 3.8400 0.0000 7 2 48.2641 15 2 23.9875 4 2 23.9084 0 1.0000 0 1.0000 995 1503571 1000000.0000
1 26.1618 6 1 13.8102 0 1.0000 0 1.0000 1042 1510820 1000000.0000 60.686150 446.0000 252 446.0000 446.0000 1 2.2400 0.0000 3 1 51.2369 6 1 24.6254 9 1 21.8977 0 1.0000 0 1.0000 1043 1510821 1000000.0000 60.686730 432.0000 252 432.0000 432.0000 1 10.6800 0.0000 3 1 52.1765 0 1 22.5476 9 1 14.5959 0 1.0000 0 1.0000 1044 1510822 1000000.0000 60.687320 405.0000 252 405.0000 405.0000 1 1.1900 0.0000 3 1 68.9514 9 1 24.0314 0 1 5.8272 0 1.0000
0.0000 3 1 94.8906 0 1 3.0140 2 1 2.0954 0 1.0000 0 1.0000 1092 1516800 1000000.0000 60.644280 380.0000 253 380.0000 380.0000 1 0.0000 0.0000 3 1 85.0397 2 1 13.1786 17 1 1.7817 0 1.0000 0 1.0000 1093 1517987 1000000.0000 60.630660 424.0000 252 424.0000 424.0000 1 0.0000 0.0000 1 1 47.7331 3 1 30.6629 9 1 21.6041 0 1.0000 0 1.0000 1094 1517988 1000000.0000 60.631260 401.0000 253 401.0000 401.0000 1 0.0000 0.0000 3 1 70.7136 1 1 16.4967
252 502.0000 502.0000 1 0.0000 0.0000 9 2 47.3649 8 2 35.1234 7 2 17.5117 0 1.0000 0 1.0000 1142 1523970 1000000.0000 60.590550 515.0000 251 515.0000 515.0000 1 0.0000 0.0000 1 2 36.7563 8 2 33.9778 6 2 29.2659 0 1.0000 0 1.0000 1143 1525158 1000000.0000 60.577540 459.0000 252 459.0000 459.0000 1 0.0000 0.0000 1 1 43.6204 0 1 30.4600 6 1 25.9197 0 1.0000 0 1.0000 1144 1525159 1000000.0000 60.578130 466.0000 252 466.0000 466.0000 1 0.0000 0.0000 3
1191 1534722 1000000.0000 60.508240 630.0000 250 630.0000 630.0000 1 0.0000 0.0000 7 2 38.5743 1 2 38.3237 8 2 23.1020 0 1.0000 0 1.0000 1192 1534723 1000000.0000 60.508820 697.0000 249 697.0000 697.0000 1 0.0000 0.0000 8 2 45.5751 9 2 27.5439 7 2 26.8810 0 1.0000 0 1.0000 1193 1534725 1000000.0000 60.509960 667.0000 250 667.0000 667.0000 1 0.8100 0.0000 8 2 51.5788 9 2 25.5060 6 2 22.1052 0 1.0000 0 1.0000 1194 1534726 1000000.0000 60.510530 686.0000 249 686.0000
14.3539 0 1.0000 0 1.0000 1241 1547863 1000000.0000 60.407420 647.0000 250 647.0000 647.0000 1 0.0000 0.0000 7 2 43.0842 1 2 34.0628 6 2 22.8530 0 1.0000 0 1.0000 1242 1547864 1000000.0000 60.408010 560.0000 252 560.0000 560.0000 1 34.8100 0.0000 8 1 29.2130 6 1 19.0668 10 1 16.9102 0 1.0000 0 1.0000 1243 1547865 1000000.0000 60.408590 598.0000 251 598.0000 598.0000 1 0.0000 0.0000 8 1 42.2549 1 1 29.3778 6 1 28.3673 0 1.0000 0 1.0000 1244 1547866
4 5 31.1881 15 5 25.2106 0 1.0000 0 1.0000 1291 1551444 1000000.0000 60.378210 658.0000 250 658.0000 658.0000 1 0.0000 0.0000 7 2 39.6923 6 2 36.0769 8 2 24.2308 0 1.0000 0 1.0000 1292 1551445 1000000.0000 60.378800 584.0000 251 584.0000 584.0000 1 0.0000 0.0000 8 2 43.4924 7 2 41.7571 9 2 14.7505 0 1.0000 0 1.0000 1293 1551446 1000000.0000 60.379390 573.0000 251 573.0000 573.0000 1 7.8100 0.0000 8 1 46.0575 1 1 24.5535 9 1 21.5790 0
2.2900 0.0000 7 2 47.3166 8 2 37.2193 1 2 13.1741 0 1.0000 0 1.0000 1341 1553836 1000000.0000 60.361480 579.0000 251 579.0000 579.0000 1 0.0000 0.0000 7 2 43.2023 8 2 42.1543 9 2 14.6434 0 1.0000 0 1.0000 1342 1553837 1000000.0000 60.362070 557.0000 252 557.0000 557.0000 1 0.0000 0.0000 7 2 42.8688 8 2 38.6022 9 2 18.5291 0 1.0000 0 1.0000 1343 1553838 1000000.0000 60.362660 628.0000 251 628.0000 628.0000 1 1.9700 0.0000 8 2 46.2759 7 2
1303.0000 246 1303.0000 1303.0000 1 0.6000 0.0000 4 1 92.4300 1 1 6.9700 2 1 0.0000 0 1.0000 0 1.0000 1391 1556225 1000000.0000 60.342990 543.0000 252 543.0000 543.0000 1 4.4300 0.0000 7 2 55.5192 8 2 27.7414 9 2 12.3094 0 1.0000 0 1.0000 1392 1556226 1000000.0000 60.343580 614.0000 251 614.0000 614.0000 1 10.4500 0.0000 7 2 47.5891 8 2 34.2406 9 2 7.7203 0 1.0000 0 1.0000 1393 1556227 1000000.0000 60.344170 517.0000 253 517.0000 517.0000 1 0.0000 0.0000
1.0000 1440 1558545 1000000.0000 60.277790 971.0000 247 971.0000 971.0000 1 17.5400 0.0000 4 2 55.4187 15 2 13.6484 0 2 13.3929 0 1.0000 0 1.0000 1441 1558546 1000000.0000 60.278550 1000.0000 247 1000.0000 1000.0000 1 0.0000 0.0000 4 2 54.2010 0 2 39.3930 7 2 6.4059 0 1.0000 0 1.0000 1442 1558547 1000000.0000 60.279300 1096.0000 247 1096.0000 1096.0000 1 0.0000 0.0000 4 1 87.4462 0 1 9.9130 1 1 2.6408 0 1.0000 0 1.0000 1443 1558548 1000000.0000 60.280060 1292.0000 246
2 0.0000 0 1.0000 0 1.0000 1490 1560815 1000000.0000 60.151250 1341.0000 246 1341.0000 1341.0000 1 12.6900 0.0000 4 2 64.0000 5 2 23.3100 2 2 0.0000 0 1.0000 0 1.0000 1491 1560816 1000000.0000 60.152300 1416.0000 246 1416.0000 1416.0000 1 2.8400 0.0000 4 2 58.4500 5 2 38.7100 2 2 0.0000 0 1.0000 0 1.0000 1492 1560817 1000000.0000 60.153350 1351.0000 246 1351.0000 1351.0000 1 6.3900 0.0000 4 2 85.8200 5 2 4.7500 1 2 3.0400 0 1.0000 0 1.0000 1493
60.1563 2 1 19.8624 17 1 18.5212 0 1.0000 0 1.0000 1540 1562128 1000000.0000 60.249450 409.0000 252 409.0000 409.0000 1 0.0000 0.0000 3 1 72.2840 17 1 14.3675 9 1 13.3485 0 1.0000 0 1.0000 1541 1562129 1000000.0000 60.250220 585.0000 250 585.0000 585.0000 1 0.0000 0.0000 9 1 50.2262 8 1 34.3891 7 1 15.3846 0 1.0000 0 1.0000 1542 1562130 1000000.0000 60.250980 737.0000 249 737.0000 737.0000 1 0.0000 0.0000 8 2 39.6964 7 2 38.7305 9 2 21.5731
0 0.0000 0.0000 6 2 39.7488 7 2 34.6029 8 2 25.6483 0 1.0000 0 1.0000 1590 1563399 1000000.0000 60.291610 470.0000 254 470.0000 470.0000 0 0.0000 0.0000 6 1 59.1016 8 1 23.6719 7 1 17.2266 0 1.0000 0 1.0000 1591 1563400 1000000.0000 60.292190 343.0000 256 343.0000 343.0000 0 29.1900 0.0000 9 1 30.5262 8 1 26.6768 6 1 13.6070 0 1.0000 0 1.0000 1592 1563401 1000000.0000 60.292760 335.0000 256 335.0000 335.0000 0 8.4600 0.0000 13 1 32.0266 6
60.282650 418.0000 255 418.0000 418.0000 0 0.0000 0.0000 9 1 40.0747 8 1 38.6834 6 1 21.2419 0 1.0000 0 1.0000 1640 1564595 1000000.0000 60.283230 340.0000 256 340.0000 340.0000 0 29.5000 0.0000 9 1 36.3836 8 1 25.7312 7 1 8.3851 0 1.0000 0 1.0000 1641 1564596 1000000.0000 60.283810 340.0000 256 340.0000 340.0000 0 25.7300 0.0000 1 1 24.8863 7 1 24.7204 11 1 24.6633 0 1.0000 0 1.0000 1642 1564597 1000000.0000 60.284380 323.0000 257 323.0000 323.0000 0 13.7200
0 1.0000 1689 1565712 1000000.0000 60.221880 359.0000 253 359.0000 359.0000 1 0.0000 0.0000 9 2 44.4745 13 2 31.3109 8 2 24.2145 0 1.0000 0 1.0000 1690 1565713 1000000.0000 60.222650 280.0000 255 280.0000 280.0000 1 0.8100 0.0000 12 2 43.0935 13 2 39.9677 11 2 16.1288 0 1.0000 0 1.0000 1691 1565714 1000000.0000 60.223410 356.0000 253 356.0000 356.0000 1 0.0000 0.0000 9 2 49.8943 8 2 25.7505 13 2 24.3552 0 1.0000 0 1.0000 1692 1565715 1000000.0000 60.224170 511.0000
5 2 0.3300 0 1.0000 0 1.0000 1739 1566814 1000000.0000 60.131230 1287.0000 246 1287.0000 1287.0000 1 0.0000 0.0000 4 2 86.8600 5 2 13.1400 2 2 0.0000 0 1.0000 0 1.0000 1740 1566815 1000000.0000 60.132220 1236.0000 246 1236.0000 1236.0000 1 13.0000 0.0000 4 1 79.5200 1 1 6.1400 5 1 1.3400 0 1.0000 0 1.0000 1741 1566816 1000000.0000 60.133210 1294.0000 246 1294.0000 1294.0000 1 0.0000 0.0000 4 2 95.8800 1 2 2.2000 5 2 1.9200 0 1.0000 0 1.0000
