Hbv_Drammen_grid_netcdf_penman_monteith/hbv_landscape.txt
ncols         1195
nrows         1550
xllcorner     -75000
yllcorner     6.45e+06
cellsize      1000
NODATA_value  -9999
[rows 0 to 34 of 55, columns 79 to 157 of 1195]
3 1348184 1000000.0000 61.814500 1832.0000 246 1832.0000 1832.0000 2 0.0000 0.0000 5 2 100.0000 1 2 0.0000 2 2 0.0000 0 1.0000 0 1.0000 4 1349375 1000000.0000 61.801900 1909.0000 246 1909.0000 1909.0000 2 0.0000 1.0500 5 2 98.9500 1 2 0.0000 2 2 0.0000 0 1.0000 0 1.0000 5 1349376 1000000.0000 61.802830 1760.0000 246 1760.0000 1760.0000 2 0.0000 53.8800 5 2 46.1200 1 2 0.0000 2 2 0.0000 0 1.0000 0 1.0000 6 1349377 1000000.0000 61.803750 1600.0000 246 1600.0000
0.0000 0 1.0000 0 1.0000 53 1354151 1000000.0000 61.762510 1572.0000 246 1572.0000 1572.0000 2 2.2300 32.6900 5 2 65.0800 1 2 0.0000 2 2 0.0000 0 1.0000 0 1.0000 54 1354152 1000000.0000 61.763450 1565.0000 246 1565.0000 1565.0000 2 0.0000 0.3300 5 2 50.7700 4 2 48.9000 2 2 0.0000 0 1.0000 0 1.0000 55 1354153 1000000.0000 61.764380 1528.0000 246 1528.0000 1528.0000 2 0.9600 4.6000 4 2 55.4800 5 2 38.9600 2 2 0.0000 0 1.0000 0 1.0000 56 1354154
5 2 31.2300 2 2 0.0000 0 1.0000 0 1.0000 103 1356542 1000000.0000 61.745620 1432.0000 246 1432.0000 1432.0000 2 0.0000 0.0000 4 2 88.7000 5 2 7.7100 1 2 3.5900 0 1.0000 0 1.0000 104 1356543 1000000.0000 61.746550 1325.0000 246 1325.0000 1325.0000 2 0.0000 0.0000 4 1 90.1500 1 1 7.5300 0 1 2.3200 0 1.0000 0 1.0000 105 1356544 1000000.0000 61.747480 1304.0000 246 1304.0000 1304.0000 2 0.0000 0.0000 4 1 99.8300 0 1 0.1700 2 1 0.0000 0
0.0000 61.0600 5 2 38.9400 1 2 0.0000 2 2 0.0000 0 1.0000 0 1.0000 153 1358922 1000000.0000 61.718340 1602.0000 246 1602.0000 1602.0000 1 4.9900 7.7000 5 2 87.3100 1 2 0.0000 2 2 0.0000 0 1.0000 0 1.0000 154 1358923 1000000.0000 61.719300 1583.0000 246 1583.0000 1583.0000 1 17.3600 0.0000 5 2 82.6400 1 2 0.0000 2 2 0.0000 0 1.0000 0 1.0000 155 1358924 1000000.0000 61.720250 1550.0000 246 1550.0000 1550.0000 1 49.7500 0.0000 5 2 50.2500 1 2
797.0000 247 797.0000 797.0000 2 0.0000 0.0000 13 1 49.1584 16 1 37.6435 17 1 13.1982 0 1.0000 0 1.0000 203 1360138 1000000.0000 61.728980 903.0000 247 903.0000 903.0000 2 0.0000 0.0000 13 1 62.1554 12 1 19.3699 11 1 18.4748 0 1.0000 0 1.0000 204 1360139 1000000.0000 61.729880 1200.0000 246 1200.0000 1200.0000 1 0.0000 0.0000 4 2 79.8256 16 2 11.2080 15 2 8.9664 0 1.0000 0 1.0000 205 1360140 1000000.0000 61.730780 1685.0000 246 1685.0000 1685.0000 1 0.0000 0.0000
1.0000 252 1362515 1000000.0000 61.699180 931.0000 247 931.0000 931.0000 2 7.6200 0.0000 16 2 44.4111 15 2 26.5353 4 2 21.4336 0 1.0000 0 1.0000 253 1362516 1000000.0000 61.700120 1114.0000 247 1114.0000 1114.0000 2 0.0000 0.0000 4 2 47.4467 0 2 28.9247 15 2 23.6285 0 1.0000 0 1.0000 254 1362517 1000000.0000 61.701050 954.0000 247 954.0000 954.0000 2 15.0700 0.0000 3 2 35.6301 0 2 30.7341 4 2 18.5658 0 1.0000 0 1.0000 255 1362518 1000000.0000 61.701980 1042.0000 247
1 18.3771 0 1.0000 0 1.0000 302 1363725 1000000.0000 61.704020 1399.0000 246 1399.0000 1399.0000 1 0.0000 0.0000 4 2 91.9580 5 2 7.7842 14 2 0.2578 0 1.0000 0 1.0000 303 1363726 1000000.0000 61.704920 1481.0000 246 1481.0000 1481.0000 1 0.0000 0.0000 4 2 55.3300 5 2 44.6700 2 2 0.0000 0 1.0000 0 1.0000 304 1363727 1000000.0000 61.705810 1582.0000 246 1582.0000 1582.0000 1 0.0000 0.0000 5 1 55.8700 4 1 44.1300 2 1 0.0000 0 1.0000 0 1.0000 305
31.4957 0 2 23.3278 16 2 11.6465 0 1.0000 0 1.0000 352 1366092 1000000.0000 61.664870 1051.0000 247 1051.0000 1051.0000 1 6.8500 0.0000 0 2 35.4027 4 2 29.0416 15 2 28.7057 0 1.0000 0 1.0000 353 1366093 1000000.0000 61.665830 1318.0000 246 1318.0000 1318.0000 1 0.0000 0.0000 4 2 71.1268 0 2 21.2443 15 2 7.6289 0 1.0000 0 1.0000 354 1366094 1000000.0000 61.666780 1359.0000 246 1359.0000 1359.0000 1 0.0000 0.0000 4 2 63.2655 0 2 27.5527 15 2 9.1818
1 0.0000 0.0000 5 2 98.5700 4 2 1.4300 2 2 0.0000 0 1.0000 0 1.0000 402 1367302 1000000.0000 61.670010 2165.0000 246 2165.0000 2165.0000 1 0.0000 8.5700 5 2 91.4300 1 2 0.0000 2 2 0.0000 0 1.0000 0 1.0000 403 1367303 1000000.0000 61.670930 1838.0000 246 1838.0000 1838.0000 1 38.2200 16.5600 5 2 45.2200 1 2 0.0000 2 2 0.0000 0 1.0000 0 1.0000 404 1367304 1000000.0000 61.671840 1844.0000 246 1844.0000 1844.0000 1 13.6700 0.0000 5 1 75.8700 4
61.629440 1678.0000 246 1678.0000 1678.0000 1 0.0000 45.9000 5 2 51.2500 4 2 2.8500 2 2 0.0000 0 1.0000 0 1.0000 452 1369674 1000000.0000 61.635260 1348.0000 246 1348.0000 1348.0000 1 0.0000 0.0000 5 2 90.1100 4 2 9.8900 2 2 0.0000 0 1.0000 0 1.0000 453 1369675 1000000.0000 61.636220 1322.0000 246 1322.0000 1322.0000 1 1.5600 0.0000 4 2 70.4100 5 2 22.6600 0 2 5.3700 0 1.0000 0 1.0000 454 1369676 1000000.0000 61.637180 1268.0000 246 1268.0000 1268.0000 1 0.0000
0 1.0000 501 1370888 1000000.0000 61.644180 1863.0000 246 1863.0000 1863.0000 1 0.0000 81.6200 5 2 18.3800 1 2 0.0000 2 2 0.0000 0 1.0000 0 1.0000 502 1370889 1000000.0000 61.645090 1693.0000 246 1693.0000 1693.0000 1 0.0000 15.0300 5 2 81.0500 4 2 3.9200 2 2 0.0000 0 1.0000 0 1.0000 503 1370890 1000000.0000 61.646000 1503.0000 246 1503.0000 1503.0000 1 0.0000 0.0000 5 2 68.9000 4 2 31.1000 2 2 0.0000 0 1.0000 0 1.0000 504 1370891 1000000.0000 61.646900 1074.0000
2 2 0.0000 0 1.0000 0 1.0000 551 1373267 1000000.0000 61.616140 1327.0000 246 1327.0000 1327.0000 1 0.0000 0.0000 5 2 86.2500 4 2 13.7500 2 2 0.0000 0 1.0000 0 1.0000 552 1373268 1000000.0000 61.617080 1018.0000 247 1018.0000 1018.0000 1 2.1100 0.0000 4 2 75.4950 5 2 13.1881 0 2 9.2070 0 1.0000 0 1.0000 553 1373269 1000000.0000 61.618020 1224.0000 246 1224.0000 1224.0000 1 0.0000 0.0000 4 3 92.4267 5 3 6.2526 16 3 1.3207 0 1.0000 0 1.0000
2 70.2263 0 2 24.7076 1 2 4.3361 0 1.0000 0 1.0000 601 1375651 1000000.0000 61.592630 1419.0000 246 1419.0000 1419.0000 1 15.3800 0.0000 4 2 76.2600 0 2 6.6200 5 2 1.7400 0 1.0000 0 1.0000 602 1375652 1000000.0000 61.593580 1468.0000 246 1468.0000 1468.0000 1 0.0000 0.0000 4 2 70.5200 5 2 29.4800 2 2 0.0000 0 1.0000 0 1.0000 603 1375653 1000000.0000 61.594540 1672.0000 246 1672.0000 1672.0000 1 0.0000 9.8500 5 2 89.3800 4 2 0.7700 2 2
1652.0000 1 0.0000 0.0000 5 2 81.5000 4 2 18.5000 2 2 0.0000 0 1.0000 0 1.0000 651 1376867 1000000.0000 61.603220 1919.0000 246 1919.0000 1919.0000 1 0.0000 3.1400 5 2 96.6300 4 2 0.2300 2 2 0.0000 0 1.0000 0 1.0000 652 1376868 1000000.0000 61.604120 2040.0000 246 2040.0000 2040.0000 1 0.0000 42.2800 5 2 55.1200 4 2 2.6000 2 2 0.0000 0 1.0000 0 1.0000 653 1376869 1000000.0000 61.605010 1690.0000 246 1690.0000 1690.0000 1 1.9000 24.9500 5 2 72.6500
1000000.0000 61.579930 1743.0000 246 1743.0000 1743.0000 1 0.0000 58.3600 5 2 41.6400 1 2 0.0000 2 2 0.0000 0 1.0000 0 1.0000 701 1379252 1000000.0000 61.580840 1768.0000 246 1768.0000 1768.0000 1 0.0000 0.0000 5 2 93.5600 4 2 6.4400 2 2 0.0000 0 1.0000 0 1.0000 702 1379253 1000000.0000 61.581760 1566.0000 246 1566.0000 1566.0000 1 0.0000 0.0000 5 2 59.7600 4 2 40.2400 2 2 0.0000 0 1.0000 0 1.0000 703 1379254 1000000.0000 61.582660 1248.0000 246 1248.0000 1248.0000 1
1.0000 0 1.0000 750 1381644 1000000.0000 61.564830 1458.0000 246 1458.0000 1458.0000 1 0.0000 0.0000 5 2 63.3800 4 2 36.6200 2 2 0.0000 0 1.0000 0 1.0000 751 1381645 1000000.0000 61.565740 2020.0000 246 2020.0000 2020.0000 1 0.0000 9.6900 5 2 89.5300 4 2 0.7800 2 2 0.0000 0 1.0000 0 1.0000 752 1381646 1000000.0000 61.566640 2020.0000 246 2020.0000 2020.0000 1 0.0000 54.6200 5 2 44.6600 4 2 0.7200 2 2 0.0000 0 1.0000 0 1.0000 753 1381647 1000000.0000 61.567540
38.8100 0 2 6.0500 0 1.0000 0 1.0000 800 1461692 1000000.0000 60.951830 1532.0000 246 1532.0000 1532.0000 1 0.0000 0.0000 5 2 79.3600 4 2 20.6400 2 2 0.0000 0 1.0000 0 1.0000 801 1462876 1000000.0000 60.932560 1626.0000 246 1626.0000 1626.0000 1 7.5700 0.0000 5 2 92.4300 1 2 0.0000 2 2 0.0000 0 1.0000 0 1.0000 802 1462877 1000000.0000 60.933510 1548.0000 246 1548.0000 1548.0000 1 0.0000 0.0000 5 2 90.3400 4 2 9.6600 2 2 0.0000 0 1.0000 0
4 1 53.1400 0 1 8.1900 1 1 2.8500 0 1.0000 0 1.0000 850 1466476 1000000.0000 60.919860 1189.0000 246 1189.0000 1189.0000 1 0.0000 0.0000 4 1 72.0100 0 1 16.2000 1 1 11.7900 0 1.0000 0 1.0000 851 1467657 1000000.0000 60.897870 1729.0000 246 1729.0000 1729.0000 1 0.0000 0.0000 5 2 100.0000 1 2 0.0000 2 2 0.0000 0 1.0000 0 1.0000 852 1467658 1000000.0000 60.898820 1676.0000 246 1676.0000 1676.0000 1 9.5900 0.0000 5 2 90.4100 1 2 0.0000 2
929.0000 929.0000 1 9.4700 0.0000 0 1 43.2258 15 1 24.2638 16 1 23.0404 0 1.0000 0 1.0000 900 1471249 1000000.0000 60.877720 1625.0000 246 1625.0000 1625.0000 1 0.0000 0.0000 5 2 100.0000 1 2 0.0000 2 2 0.0000 0 1.0000 0 1.0000 901 1471250 1000000.0000 60.878650 1621.0000 246 1621.0000 1621.0000 1 0.0000 0.0000 5 2 100.0000 1 2 0.0000 2 2 0.0000 0 1.0000 0 1.0000 902 1471252 1000000.0000 60.880510 1475.0000 246 1475.0000 1475.0000 1 0.0000 0.0000 5 2
1484564 1000000.0000 60.901760 415.0000 251 415.0000 415.0000 0 0.0000 0.0000 8 1 48.5584 9 1 32.1739 13 1 19.2677 0 1.0000 0 1.0000 950 1484565 1000000.0000 60.902260 412.0000 251 412.0000 412.0000 0 0.0000 0.0000 13 1 41.8006 8 1 32.2079 12 1 25.9914 0 1.0000 0 1.0000 951 1484566 1000000.0000 60.902770 418.0000 251 418.0000 418.0000 0 0.0000 0.0000 8 1 41.6467 7 1 37.0104 11 1 21.3429 0 1.0000 0 1.0000 952 1485760 1000000.0000 60.893300 379.0000 251 379.0000 379.0000
0 1.0000 0 1.0000 999 1503575 1000000.0000 60.688800 880.0000 247 880.0000 880.0000 1 0.0000 0.0000 7 2 52.2316 8 2 29.5602 6 2 18.2083 0 1.0000 0 1.0000 1000 1503576 1000000.0000 60.689580 828.0000 248 828.0000 828.0000 1 6.0700 0.0000 7 5 40.8109 8 5 28.4622 1 5 24.6569 0 1.0000 0 1.0000 1001 1503577 1000000.0000 60.690350 830.0000 248 830.0000 830.0000 1 2.8400 0.0000 7 5 40.1746 1 5 39.5783 8 5 17.4071 0 1.0000 0 1.0000 1002 1503578 1000000.0000
1 23.9089 1 1 19.6563 0 1.0000 0 1.0000 1049 1512013 1000000.0000 60.676020 419.0000 252 419.0000 419.0000 1 0.4500 0.0000 3 1 63.8655 6 1 19.2542 8 1 16.4303 0 1.0000 0 1.0000 1050 1512014 1000000.0000 60.676610 445.0000 252 445.0000 445.0000 1 8.0500 0.0000 3 1 68.4885 6 1 12.3767 1 1 11.0848 0 1.0000 0 1.0000 1051 1512015 1000000.0000 60.677200 439.0000 252 439.0000 439.0000 1 6.0600 0.0000 3 1 79.1833 17 1 7.9624 2 1 6.7943 0 1.0000
0.0000 3 1 91.7082 17 1 5.4810 9 1 2.8108 0 1.0000 0 1.0000 1099 1517993 1000000.0000 60.634170 352.0000 254 352.0000 352.0000 1 0.0000 0.0000 3 1 94.6000 2 1 5.3000 0 1 0.1000 0 1.0000 0 1.0000 1100 1517994 1000000.0000 60.634750 382.0000 253 382.0000 382.0000 1 0.0000 0.0000 3 1 90.8200 2 1 5.2600 0 1 3.9200 0 1.0000 0 1.0000 1101 1517995 1000000.0000 60.635320 382.0000 253 382.0000 382.0000 1 0.0000 0.0000 3 1 84.3881 2 1 10.8056
252 485.0000 485.0000 1 0.0000 0.0000 3 2 45.1581 6 2 35.8787 7 2 18.9632 0 1.0000 0 1.0000 1149 1525164 1000000.0000 60.581020 503.0000 252 503.0000 503.0000 1 0.0000 0.0000 6 2 36.9769 9 2 31.5969 8 2 31.4261 0 1.0000 0 1.0000 1150 1526354 1000000.0000 60.569170 481.0000 252 481.0000 481.0000 1 0.0000 0.0000 3 1 54.2667 1 1 34.0415 6 1 11.6919 0 1.0000 0 1.0000 1151 1526355 1000000.0000 60.569760 440.0000 253 440.0000 440.0000 1 0.0000 0.0000 3
1198 1535916 1000000.0000 60.498710 593.0000 251 593.0000 593.0000 1 10.4800 0.0000 1 5 72.4082 8 5 9.6709 7 5 7.4409 0 1.0000 0 1.0000 1199 1535917 1000000.0000 60.499290 641.0000 250 641.0000 641.0000 1 0.0000 0.0000 8 2 38.5604 7 2 35.3997 1 2 26.0398 0 1.0000 0 1.0000 1200 1535918 1000000.0000 60.499860 660.0000 250 660.0000 660.0000 1 0.0000 0.0000 8 2 42.2882 1 2 35.0833 9 2 22.6285 0 1.0000 0 1.0000 1201 1535920 1000000.0000 60.501010 704.0000 249 704.0000
26.2297 0 1.0000 0 1.0000 1248 1548975 1000000.0000 60.341520 942.0000 247 942.0000 942.0000 1 0.0000 0.0000 7 1 43.6541 1 1 34.5829 2 1 21.7630 0 1.0000 0 1.0000 1249 1548976 1000000.0000 60.342310 1031.0000 247 1031.0000 1031.0000 1 0.0000 0.0000 4 2 57.5184 0 2 31.4658 1 2 11.0158 0 1.0000 0 1.0000 1250 1548977 1000000.0000 60.343090 970.0000 247 970.0000 970.0000 1 0.0000 0.0000 15 2 44.0419 1 2 31.4346 0 2 24.5235 0 1.0000 0 1.0000 1251 1548978
9 1 6.8189 7 1 1.7977 0 1.0000 0 1.0000 1298 1551451 1000000.0000 60.382310 551.0000 252 551.0000 551.0000 1 41.0200 0.0000 8 1 30.4158 9 1 16.5624 7 1 12.0017 0 1.0000 0 1.0000 1299 1551452 1000000.0000 60.382880 605.0000 251 605.0000 605.0000 1 4.0800 0.0000 8 1 40.0229 9 1 32.4230 6 1 23.4741 0 1.0000 0 1.0000 1300 1552554 1000000.0000 60.309960 1085.0000 247 1085.0000 1085.0000 0 10.8500 0.0000 4 2 57.5902 0 2 23.9700 15 2 7.5898 0
0.0000 0.0000 8 1 39.5714 7 1 34.1237 1 1 26.3048 0 1.0000 0 1.0000 1348 1554944 1000000.0000 60.292100 967.0000 247 967.0000 967.0000 0 11.0000 0.0000 7 2 48.9356 4 2 21.6069 1 2 18.4575 0 1.0000 0 1.0000 1349 1554945 1000000.0000 60.292900 1011.0000 247 1011.0000 1011.0000 1 12.0500 0.0000 4 2 51.0740 7 2 22.8326 0 2 14.0434 0 1.0000 0 1.0000 1350 1554946 1000000.0000 60.293690 1073.0000 247 1073.0000 1073.0000 1 6.4000 0.0000 4 2 66.6840 0 2
526.0000 252 526.0000 526.0000 1 0.0000 0.0000 8 1 55.2441 9 1 24.2520 7 1 20.5039 0 1.0000 0 1.0000 1398 1556232 1000000.0000 60.347060 573.0000 252 573.0000 573.0000 1 0.0000 0.0000 7 1 46.3021 8 1 42.9373 6 1 10.7606 0 1.0000 0 1.0000 1399 1556233 1000000.0000 60.347640 671.0000 250 671.0000 671.0000 0 0.5700 0.0000 7 1 48.9209 8 1 34.8350 6 1 15.6740 0 1.0000 0 1.0000 1400 1557337 1000000.0000 60.276620 1016.0000 247 1016.0000 1016.0000 1 4.1700 0.0000
1.0000 1447 1558618 1000000.0000 60.326840 425.0000 254 425.0000 425.0000 1 62.9900 0.0000 8 2 19.6588 7 2 10.5616 9 2 6.7896 0 1.0000 0 1.0000 1448 1558619 1000000.0000 60.327420 445.0000 254 445.0000 445.0000 0 15.8000 0.0000 11 1 39.6001 12 1 22.4420 8 1 22.1579 0 1.0000 0 1.0000 1449 1558620 1000000.0000 60.328000 440.0000 254 440.0000 440.0000 0 5.8500 0.0000 13 1 32.7066 8 1 30.8106 6 1 30.6328 0 1.0000 0 1.0000 1450 1558621 1000000.0000 60.328580 504.0000 253
2 15.4447 0 1.0000 0 1.0000 1497 1560927 1000000.0000 60.253750 714.0000 249 714.0000 714.0000 1 0.0000 0.0000 7 2 48.2496 8 2 39.7260 6 2 12.0244 0 1.0000 0 1.0000 1498 1560928 1000000.0000 60.254530 428.0000 252 428.0000 428.0000 1 0.0000 0.0000 8 2 39.7082 9 2 30.5888 12 2 29.7030 0 1.0000 0 1.0000 1499 1560929 1000000.0000 60.255310 361.0000 253 361.0000 361.0000 1 0.0000 0.0000 8 2 41.0164 3 2 32.3649 9 2 26.6188 0 1.0000 0 1.0000 1500
42.1358 9 2 29.8897 7 2 27.9745 0 1.0000 0 1.0000 1547 1562204 1000000.0000 60.300560 409.0000 255 409.0000 409.0000 0 0.0000 0.0000 8 1 41.3360 6 1 29.5088 9 1 29.1552 0 1.0000 0 1.0000 1548 1562205 1000000.0000 60.301140 453.0000 254 453.0000 453.0000 0 0.0000 0.0000 8 1 38.1919 9 1 35.4705 13 1 26.3376 0 1.0000 0 1.0000 1549 1562206 1000000.0000 60.301720 380.0000 255 380.0000 380.0000 0 0.0000 0.0000 8 1 39.6496 9 1 39.2828 7 1 21.0676
0 0.0000 0.0000 7 2 43.6594 8 2 28.9699 6 2 27.3708 0 1.0000 0 1.0000 1597 1563406 1000000.0000 60.295600 425.0000 254 425.0000 425.0000 0 0.0000 0.0000 7 1 39.2582 6 1 39.0011 8 1 21.7407 0 1.0000 0 1.0000 1598 1563407 1000000.0000 60.296170 527.0000 253 527.0000 527.0000 0 0.0000 0.0000 7 1 51.9836 8 1 28.8988 6 1 19.1176 0 1.0000 0 1.0000 1599 1563408 1000000.0000 60.296730 506.0000 253 506.0000 506.0000 0 0.0000 0.0000 6 1 43.6582 7
60.286650 354.0000 256 354.0000 354.0000 0 0.0000 0.0000 9 1 43.6858 8 1 42.3536 7 1 13.9606 0 1.0000 0 1.0000 1647 1564602 1000000.0000 60.287210 463.0000 254 463.0000 463.0000 0 0.0000 0.0000 7 1 43.9222 9 1 34.5509 8 1 21.5269 0 1.0000 0 1.0000 1648 1564603 1000000.0000 60.287770 477.0000 253 477.0000 477.0000 0 0.0000 0.0000 7 1 48.0460 8 1 27.5068 6 1 24.4471 0 1.0000 0 1.0000 1649 1564604 1000000.0000 60.288330 425.0000 254 425.0000 425.0000 0 0.0000
0 1.0000 1696 1565789 1000000.0000 60.273700 455.0000 254 455.0000 455.0000 0 0.0000 0.0000 7 2 37.0266 8 2 32.2230 9 2 30.7504 0 1.0000 0 1.0000 1697 1565790 1000000.0000 60.274280 412.0000 255 412.0000 412.0000 0 0.0000 0.0000 9 2 52.5805 8 2 30.8110 6 2 16.6085 0 1.0000 0 1.0000 1698 1565791 1000000.0000 60.274850 419.0000 255 419.0000 419.0000 0 0.0000 0.0000 9 2 51.6340 8 2 36.0071 7 2 12.3589 0 1.0000 0 1.0000 1699 1565792 1000000.0000 60.275430 374.0000
